Epoch	Loss_train	MAE_train	RMSE_train	R2_train	PCC_train	Loss_val	MAE_val	RMSE_val	R2_val	PCC_val	MAE_test	RMSE_test	R2_test	PCC_test
1.0000	2.0620	1.1184	1.4364	0.0921	0.3225	1.6587	0.9951	1.2877	0.2403	0.4993	0.6072	0.8849	0.6693	0.8190
2.0000	1.7117	1.0082	1.3074	0.2479	0.4987	1.3950	0.9066	1.1808	0.3612	0.6027	0.6072	0.8849	0.6693	0.8190
3.0000	1.4912	0.9394	1.2215	0.3435	0.5863	1.3409	0.8898	1.1576	0.3860	0.6308	0.6072	0.8849	0.6693	0.8190
4.0000	1.3013	0.8756	1.1412	0.4269	0.6535	1.4609	0.9738	1.2091	0.3302	0.6256	0.6072	0.8849	0.6693	0.8190
5.0000	1.1700	0.8239	1.0807	0.4861	0.6973	1.2139	0.8533	1.1016	0.4440	0.7014	0.6072	0.8849	0.6693	0.8190
6.0000	1.0932	0.7937	1.0457	0.5189	0.7204	1.0882	0.8071	1.0434	0.5013	0.7183	0.6072	0.8849	0.6693	0.8190
7.0000	1.0325	0.7706	1.0164	0.5454	0.7386	0.9769	0.7464	0.9881	0.5527	0.7439	0.6072	0.8849	0.6693	0.8190
8.0000	0.9708	0.7445	0.9856	0.5726	0.7567	0.9870	0.7529	0.9935	0.5478	0.7419	0.6072	0.8849	0.6693	0.8190
9.0000	0.9324	0.7309	0.9641	0.5910	0.7688	0.9322	0.7272	0.9652	0.5732	0.7606	0.6072	0.8849	0.6693	0.8190
10.0000	0.9151	0.7210	0.9566	0.5974	0.7729	0.9235	0.7222	0.9608	0.5770	0.7615	0.6072	0.8849	0.6693	0.8190
11.0000	0.8894	0.7116	0.9432	0.6086	0.7801	0.9915	0.7642	0.9958	0.5457	0.7460	0.6072	0.8849	0.6693	0.8190
12.0000	0.8765	0.6997	0.9353	0.6151	0.7843	0.9273	0.7163	0.9624	0.5756	0.7656	0.6072	0.8849	0.6693	0.8190
13.0000	0.8558	0.6928	0.9248	0.6237	0.7898	0.8638	0.7007	0.9291	0.6045	0.7781	0.6072	0.8849	0.6693	0.8190
14.0000	0.8449	0.6895	0.9189	0.6284	0.7928	0.8839	0.6986	0.9403	0.5950	0.7752	0.6072	0.8849	0.6693	0.8190
15.0000	0.8211	0.6759	0.9063	0.6386	0.7991	0.8691	0.6932	0.9321	0.6020	0.7780	0.6072	0.8849	0.6693	0.8190
16.0000	0.8118	0.6738	0.9008	0.6430	0.8019	0.9027	0.7078	0.9500	0.5865	0.7730	0.6072	0.8849	0.6693	0.8190
17.0000	0.7888	0.6624	0.8876	0.6534	0.8083	0.8847	0.7091	0.9405	0.5948	0.7765	0.6072	0.8849	0.6693	0.8190
18.0000	0.7942	0.6651	0.8907	0.6510	0.8068	0.8671	0.6902	0.9310	0.6029	0.7856	0.6072	0.8849	0.6693	0.8190
19.0000	0.7794	0.6597	0.8829	0.6570	0.8106	0.8596	0.6845	0.9270	0.6063	0.7798	0.6072	0.8849	0.6693	0.8190
20.0000	0.7686	0.6542	0.8768	0.6617	0.8135	0.8783	0.6982	0.9370	0.5978	0.7746	0.6072	0.8849	0.6693	0.8190
21.0000	0.7572	0.6468	0.8699	0.6670	0.8167	0.8526	0.6864	0.9234	0.6093	0.7872	0.6072	0.8849	0.6693	0.8190
22.0000	0.7411	0.6388	0.8602	0.6744	0.8212	0.8403	0.6760	0.9167	0.6150	0.7843	0.6072	0.8849	0.6693	0.8190
23.0000	0.7295	0.6355	0.8532	0.6797	0.8244	0.8538	0.6810	0.9239	0.6089	0.7827	0.6072	0.8849	0.6693	0.8190
24.0000	0.7227	0.6288	0.8502	0.6819	0.8258	0.8542	0.6861	0.9245	0.6084	0.7817	0.6072	0.8849	0.6693	0.8190
25.0000	0.7149	0.6269	0.8454	0.6855	0.8280	0.8152	0.6644	0.9029	0.6265	0.7930	0.6072	0.8849	0.6693	0.8190
26.0000	0.6977	0.6178	0.8357	0.6927	0.8323	0.8247	0.6718	0.9081	0.6222	0.7915	0.6072	0.8849	0.6693	0.8190
27.0000	0.6831	0.6102	0.8267	0.6993	0.8362	0.8566	0.6916	0.9257	0.6074	0.7858	0.6072	0.8849	0.6693	0.8190
28.0000	0.6995	0.6145	0.8353	0.6930	0.8325	0.8484	0.6879	0.9211	0.6113	0.7845	0.6072	0.8849	0.6693	0.8190
29.0000	0.6851	0.6090	0.8257	0.7000	0.8367	0.8846	0.6789	0.9403	0.5949	0.7816	0.6072	0.8849	0.6693	0.8190
30.0000	0.6744	0.6090	0.8213	0.7032	0.8386	0.8183	0.6673	0.9044	0.6252	0.7924	0.6072	0.8849	0.6693	0.8190
31.0000	0.6501	0.5934	0.8061	0.7141	0.8450	0.8635	0.6768	0.9292	0.6045	0.7830	0.6072	0.8849	0.6693	0.8190
32.0000	0.6516	0.5953	0.8075	0.7131	0.8445	0.8311	0.6705	0.9115	0.6194	0.7877	0.6072	0.8849	0.6693	0.8190
33.0000	0.6432	0.5874	0.8006	0.7179	0.8473	0.8181	0.6623	0.9043	0.6253	0.7936	0.6072	0.8849	0.6693	0.8190
34.0000	0.6505	0.5961	0.8061	0.7140	0.8450	0.8435	0.6615	0.9182	0.6137	0.7857	0.6072	0.8849	0.6693	0.8190
35.0000	0.6272	0.5815	0.7914	0.7244	0.8511	0.8146	0.6667	0.9024	0.6269	0.7939	0.6072	0.8849	0.6693	0.8190
36.0000	0.6159	0.5765	0.7850	0.7289	0.8538	0.8017	0.6529	0.8952	0.6328	0.7958	0.6072	0.8849	0.6693	0.8190
37.0000	0.6195	0.5730	0.7838	0.7297	0.8542	0.7962	0.6588	0.8921	0.6354	0.7979	0.6072	0.8849	0.6693	0.8190
38.0000	0.6044	0.5703	0.7766	0.7346	0.8571	0.8118	0.6579	0.9007	0.6283	0.7930	0.6072	0.8849	0.6693	0.8190
39.0000	0.6071	0.5737	0.7795	0.7327	0.8560	0.7962	0.6509	0.8922	0.6353	0.7977	0.6072	0.8849	0.6693	0.8190
40.0000	0.5918	0.5641	0.7687	0.7400	0.8603	0.8019	0.6431	0.8953	0.6328	0.7977	0.6072	0.8849	0.6693	0.8190
41.0000	0.5921	0.5656	0.7694	0.7395	0.8600	0.7973	0.6460	0.8927	0.6349	0.7979	0.6072	0.8849	0.6693	0.8190
42.0000	0.5731	0.5531	0.7573	0.7477	0.8647	0.7896	0.6455	0.8885	0.6383	0.8009	0.6072	0.8849	0.6693	0.8190
43.0000	0.5755	0.5561	0.7581	0.7471	0.8644	0.8276	0.6544	0.9095	0.6210	0.7992	0.6072	0.8849	0.6693	0.8190
44.0000	0.5644	0.5485	0.7512	0.7517	0.8670	0.7833	0.6437	0.8849	0.6412	0.8008	0.6072	0.8849	0.6693	0.8190
45.0000	0.5629	0.5478	0.7485	0.7535	0.8681	0.7929	0.6512	0.8904	0.6368	0.8000	0.6072	0.8849	0.6693	0.8190
46.0000	0.5587	0.5452	0.7472	0.7544	0.8685	0.7998	0.6441	0.8944	0.6335	0.7979	0.6072	0.8849	0.6693	0.8190
47.0000	0.5576	0.5449	0.7466	0.7547	0.8687	0.7974	0.6422	0.8929	0.6347	0.7995	0.6072	0.8849	0.6693	0.8190
48.0000	0.5433	0.5383	0.7361	0.7616	0.8727	0.7728	0.6436	0.8791	0.6459	0.8055	0.6072	0.8849	0.6693	0.8190
49.0000	0.5401	0.5354	0.7352	0.7622	0.8730	0.7577	0.6247	0.8703	0.6530	0.8082	0.6072	0.8849	0.6693	0.8190
50.0000	0.5411	0.5358	0.7358	0.7618	0.8728	0.7777	0.6385	0.8818	0.6438	0.8039	0.6072	0.8849	0.6693	0.8190
51.0000	0.5272	0.5286	0.7261	0.7680	0.8764	0.7760	0.6329	0.8807	0.6446	0.8043	0.6072	0.8849	0.6693	0.8190
52.0000	0.5299	0.5309	0.7281	0.7667	0.8756	0.7784	0.6320	0.8821	0.6435	0.8025	0.6072	0.8849	0.6693	0.8190
53.0000	0.5251	0.5276	0.7251	0.7687	0.8767	0.7844	0.6380	0.8854	0.6409	0.8008	0.6072	0.8849	0.6693	0.8190
54.0000	0.5162	0.5242	0.7177	0.7734	0.8794	0.7873	0.6385	0.8871	0.6394	0.8009	0.6072	0.8849	0.6693	0.8190
55.0000	0.5173	0.5232	0.7196	0.7722	0.8787	0.8157	0.6439	0.9031	0.6263	0.7972	0.6072	0.8849	0.6693	0.8190
56.0000	0.5116	0.5184	0.7130	0.7763	0.8811	0.7604	0.6281	0.8719	0.6517	0.8082	0.6072	0.8849	0.6693	0.8190
57.0000	0.5109	0.5173	0.7145	0.7754	0.8806	0.7983	0.6331	0.8933	0.6344	0.8017	0.6072	0.8849	0.6693	0.8190
58.0000	0.4926	0.5080	0.7020	0.7832	0.8850	0.7502	0.6200	0.8660	0.6564	0.8111	0.6072	0.8849	0.6693	0.8190
59.0000	0.4970	0.5125	0.7048	0.7814	0.8840	0.7755	0.6365	0.8806	0.6447	0.8038	0.6072	0.8849	0.6693	0.8190
60.0000	0.4927	0.5080	0.7007	0.7840	0.8854	0.7907	0.6446	0.8893	0.6376	0.8021	0.6072	0.8849	0.6693	0.8190
61.0000	0.4923	0.5079	0.7018	0.7833	0.8850	0.7860	0.6437	0.8867	0.6398	0.8009	0.6072	0.8849	0.6693	0.8190
62.0000	0.4747	0.4980	0.6892	0.7910	0.8894	0.7816	0.6282	0.8841	0.6419	0.8031	0.6072	0.8849	0.6693	0.8190
63.0000	0.4804	0.5018	0.6933	0.7885	0.8880	0.7573	0.6290	0.8702	0.6531	0.8096	0.6072	0.8849	0.6693	0.8190
64.0000	0.4678	0.4960	0.6844	0.7939	0.8910	0.7696	0.6318	0.8770	0.6476	0.8049	0.6072	0.8849	0.6693	0.8190
65.0000	0.4672	0.4961	0.6833	0.7945	0.8914	0.7709	0.6165	0.8774	0.6473	0.8089	0.6072	0.8849	0.6693	0.8190
66.0000	0.4766	0.4997	0.6884	0.7915	0.8896	0.7454	0.6166	0.8634	0.6584	0.8120	0.6072	0.8849	0.6693	0.8190
67.0000	0.4734	0.4998	0.6881	0.7916	0.8897	0.7808	0.6413	0.8835	0.6423	0.8080	0.6072	0.8849	0.6693	0.8190
68.0000	0.4542	0.4854	0.6742	0.8000	0.8944	0.7689	0.6210	0.8766	0.6480	0.8059	0.6072	0.8849	0.6693	0.8190
69.0000	0.4552	0.4897	0.6749	0.7996	0.8942	0.7571	0.6159	0.8698	0.6534	0.8113	0.6072	0.8849	0.6693	0.8190
70.0000	0.4562	0.4902	0.6754	0.7993	0.8940	0.7485	0.6096	0.8648	0.6573	0.8119	0.6072	0.8849	0.6693	0.8190
71.0000	0.4567	0.4879	0.6750	0.7995	0.8942	0.7657	0.6267	0.8750	0.6493	0.8060	0.6072	0.8849	0.6693	0.8190
72.0000	0.4442	0.4823	0.6662	0.8047	0.8970	0.7407	0.6121	0.8601	0.6611	0.8154	0.6072	0.8849	0.6693	0.8190
73.0000	0.4461	0.4823	0.6678	0.8038	0.8965	0.7458	0.6205	0.8633	0.6585	0.8115	0.6072	0.8849	0.6693	0.8190
74.0000	0.4420	0.4806	0.6651	0.8054	0.8974	0.7545	0.6228	0.8685	0.6545	0.8105	0.6072	0.8849	0.6693	0.8190
75.0000	0.4363	0.4763	0.6607	0.8079	0.8988	0.7461	0.6171	0.8635	0.6584	0.8116	0.6072	0.8849	0.6693	0.8190
76.0000	0.4431	0.4813	0.6659	0.8049	0.8972	0.7365	0.6083	0.8578	0.6629	0.8156	0.6072	0.8849	0.6693	0.8190
77.0000	0.4331	0.4770	0.6585	0.8092	0.8996	0.7346	0.6068	0.8568	0.6637	0.8152	0.6072	0.8849	0.6693	0.8190
78.0000	0.4277	0.4726	0.6543	0.8116	0.9009	0.7730	0.6188	0.8789	0.6461	0.8052	0.6072	0.8849	0.6693	0.8190
79.0000	0.4291	0.4729	0.6551	0.8112	0.9007	0.7360	0.6113	0.8576	0.6630	0.8164	0.6072	0.8849	0.6693	0.8190
80.0000	0.4219	0.4696	0.6495	0.8144	0.9024	0.7735	0.6174	0.8793	0.6457	0.8116	0.6072	0.8849	0.6693	0.8190
81.0000	0.4224	0.4651	0.6487	0.8148	0.9027	0.7652	0.6152	0.8744	0.6497	0.8089	0.6072	0.8849	0.6693	0.8190
82.0000	0.4170	0.4661	0.6458	0.8165	0.9036	0.7331	0.6124	0.8562	0.6641	0.8185	0.6072	0.8849	0.6693	0.8190
83.0000	0.4287	0.4712	0.6547	0.8114	0.9008	0.7477	0.6069	0.8644	0.6576	0.8155	0.6072	0.8849	0.6693	0.8190
84.0000	0.4077	0.4586	0.6375	0.8212	0.9062	0.7925	0.6232	0.8897	0.6373	0.8101	0.6072	0.8849	0.6693	0.8190
85.0000	0.4075	0.4602	0.6384	0.8206	0.9059	0.7395	0.6107	0.8595	0.6616	0.8141	0.6072	0.8849	0.6693	0.8190
86.0000	0.3947	0.4511	0.6286	0.8262	0.9089	0.7244	0.6080	0.8508	0.6684	0.8180	0.6072	0.8849	0.6693	0.8190
87.0000	0.4016	0.4561	0.6331	0.8236	0.9076	0.7481	0.6181	0.8646	0.6575	0.8122	0.6072	0.8849	0.6693	0.8190
88.0000	0.4087	0.4577	0.6388	0.8204	0.9058	0.7442	0.6051	0.8622	0.6594	0.8155	0.6072	0.8849	0.6693	0.8190
89.0000	0.4079	0.4585	0.6375	0.8212	0.9062	0.7303	0.6024	0.8541	0.6658	0.8210	0.6072	0.8849	0.6693	0.8190
90.0000	0.3995	0.4547	0.6318	0.8243	0.9079	0.7260	0.6053	0.8518	0.6676	0.8174	0.6072	0.8849	0.6693	0.8190
91.0000	0.3855	0.4469	0.6212	0.8302	0.9112	0.7309	0.6042	0.8546	0.6654	0.8194	0.6072	0.8849	0.6693	0.8190
92.0000	0.3932	0.4521	0.6273	0.8269	0.9093	0.7327	0.6052	0.8557	0.6645	0.8177	0.6072	0.8849	0.6693	0.8190
93.0000	0.3838	0.4436	0.6195	0.8311	0.9117	0.7201	0.6011	0.8483	0.6703	0.8194	0.6072	0.8849	0.6693	0.8190
94.0000	0.3832	0.4457	0.6190	0.8314	0.9118	0.7247	0.5986	0.8511	0.6681	0.8186	0.6072	0.8849	0.6693	0.8190
95.0000	0.3927	0.4455	0.6259	0.8276	0.9097	0.7281	0.5960	0.8530	0.6667	0.8210	0.6072	0.8849	0.6693	0.8190
96.0000	0.3774	0.4389	0.6141	0.8341	0.9133	0.7000	0.5934	0.8366	0.6793	0.8252	0.6072	0.8849	0.6693	0.8190
97.0000	0.3769	0.4404	0.6142	0.8340	0.9132	0.7059	0.6042	0.8401	0.6766	0.8228	0.6072	0.8849	0.6693	0.8190
98.0000	0.3815	0.4437	0.6179	0.8320	0.9121	0.7219	0.6007	0.8496	0.6693	0.8201	0.6072	0.8849	0.6693	0.8190
99.0000	0.3709	0.4375	0.6085	0.8371	0.9149	0.7119	0.5987	0.8436	0.6739	0.8219	0.6072	0.8849	0.6693	0.8190
100.0000	0.3731	0.4380	0.6108	0.8358	0.9143	0.7064	0.5909	0.8402	0.6765	0.8235	0.6072	0.8849	0.6693	0.8190
101.0000	0.3674	0.4327	0.6061	0.8383	0.9156	0.7072	0.5926	0.8408	0.6761	0.8237	0.6072	0.8849	0.6693	0.8190
102.0000	0.3705	0.4353	0.6085	0.8371	0.9149	0.7067	0.5933	0.8405	0.6763	0.8226	0.6072	0.8849	0.6693	0.8190
103.0000	0.3669	0.4347	0.6058	0.8385	0.9157	0.7174	0.5911	0.8469	0.6714	0.8210	0.6072	0.8849	0.6693	0.8190
104.0000	0.3583	0.4292	0.5987	0.8423	0.9178	0.6912	0.5888	0.8312	0.6834	0.8272	0.6072	0.8849	0.6693	0.8190
105.0000	0.3564	0.4283	0.5952	0.8441	0.9188	0.7106	0.5927	0.8427	0.6746	0.8227	0.6072	0.8849	0.6693	0.8190
106.0000	0.3631	0.4341	0.6028	0.8401	0.9166	0.6937	0.5899	0.8326	0.6824	0.8262	0.6072	0.8849	0.6693	0.8190
107.0000	0.3549	0.4280	0.5950	0.8442	0.9188	0.7155	0.5922	0.8457	0.6724	0.8234	0.6072	0.8849	0.6693	0.8190
108.0000	0.3523	0.4247	0.5927	0.8454	0.9195	0.7267	0.5899	0.8520	0.6674	0.8266	0.6072	0.8849	0.6693	0.8190
109.0000	0.3540	0.4265	0.5949	0.8443	0.9188	0.7312	0.6018	0.8550	0.6651	0.8213	0.6072	0.8849	0.6693	0.8190
110.0000	0.3453	0.4228	0.5872	0.8483	0.9210	0.7190	0.5952	0.8478	0.6707	0.8205	0.6072	0.8849	0.6693	0.8190
111.0000	0.3460	0.4211	0.5884	0.8477	0.9207	0.7330	0.5995	0.8560	0.6643	0.8221	0.6072	0.8849	0.6693	0.8190
112.0000	0.3490	0.4226	0.5909	0.8464	0.9200	0.7058	0.5883	0.8398	0.6769	0.8233	0.6072	0.8849	0.6693	0.8190
113.0000	0.3369	0.4133	0.5800	0.8520	0.9230	0.7016	0.5826	0.8373	0.6788	0.8253	0.6072	0.8849	0.6693	0.8190
114.0000	0.3346	0.4137	0.5783	0.8528	0.9235	0.7096	0.5897	0.8422	0.6750	0.8243	0.6072	0.8849	0.6693	0.8190
115.0000	0.3270	0.4088	0.5709	0.8566	0.9255	0.7052	0.5829	0.8397	0.6770	0.8241	0.6072	0.8849	0.6693	0.8190
116.0000	0.3343	0.4144	0.5784	0.8528	0.9235	0.6805	0.5722	0.8248	0.6883	0.8304	0.6072	0.8849	0.6693	0.8190
117.0000	0.3295	0.4121	0.5741	0.8550	0.9247	0.6951	0.5840	0.8336	0.6817	0.8260	0.6072	0.8849	0.6693	0.8190
118.0000	0.3251	0.4062	0.5704	0.8569	0.9257	0.6926	0.5825	0.8320	0.6828	0.8267	0.6072	0.8849	0.6693	0.8190
119.0000	0.3385	0.4153	0.5820	0.8510	0.9225	0.6874	0.5805	0.8288	0.6853	0.8308	0.6072	0.8849	0.6693	0.8190
120.0000	0.3295	0.4097	0.5741	0.8550	0.9246	0.7132	0.5953	0.8446	0.6732	0.8215	0.6072	0.8849	0.6693	0.8190
121.0000	0.3237	0.4073	0.5683	0.8579	0.9262	0.7076	0.5897	0.8411	0.6759	0.8234	0.6072	0.8849	0.6693	0.8190
122.0000	0.3247	0.4074	0.5697	0.8572	0.9258	0.7258	0.5979	0.8518	0.6676	0.8224	0.6072	0.8849	0.6693	0.8190
123.0000	0.3187	0.4054	0.5646	0.8598	0.9272	0.7037	0.5832	0.8387	0.6778	0.8269	0.6072	0.8849	0.6693	0.8190
124.0000	0.3176	0.4035	0.5634	0.8603	0.9275	0.6849	0.5822	0.8274	0.6864	0.8285	0.6072	0.8849	0.6693	0.8190
125.0000	0.3193	0.4054	0.5653	0.8594	0.9270	0.6926	0.5774	0.8319	0.6829	0.8300	0.6072	0.8849	0.6693	0.8190
126.0000	0.3160	0.3994	0.5621	0.8610	0.9279	0.7108	0.5874	0.8429	0.6745	0.8244	0.6072	0.8849	0.6693	0.8190
127.0000	0.3182	0.4019	0.5632	0.8604	0.9276	0.6934	0.5834	0.8325	0.6824	0.8283	0.6072	0.8849	0.6693	0.8190
128.0000	0.3075	0.3975	0.5542	0.8648	0.9300	0.7015	0.5864	0.8375	0.6787	0.8250	0.6072	0.8849	0.6693	0.8190
129.0000	0.3104	0.3972	0.5568	0.8636	0.9293	0.7154	0.5874	0.8458	0.6722	0.8253	0.6072	0.8849	0.6693	0.8190
130.0000	0.3071	0.3953	0.5531	0.8654	0.9303	0.6915	0.5857	0.8314	0.6833	0.8268	0.6072	0.8849	0.6693	0.8190
131.0000	0.3085	0.3956	0.5549	0.8645	0.9298	0.7193	0.5879	0.8479	0.6706	0.8252	0.6072	0.8849	0.6693	0.8190
132.0000	0.3107	0.3970	0.5576	0.8632	0.9291	0.6859	0.5749	0.8279	0.6860	0.8303	0.6072	0.8849	0.6693	0.8190
133.0000	0.2982	0.3912	0.5461	0.8688	0.9321	0.7105	0.5796	0.8425	0.6748	0.8281	0.6072	0.8849	0.6693	0.8190
134.0000	0.3063	0.3946	0.5532	0.8653	0.9302	0.7042	0.5851	0.8390	0.6775	0.8245	0.6072	0.8849	0.6693	0.8190
135.0000	0.2973	0.3899	0.5455	0.8691	0.9322	0.6855	0.5734	0.8279	0.6860	0.8306	0.6072	0.8849	0.6693	0.8190
136.0000	0.2966	0.3873	0.5448	0.8694	0.9324	0.6754	0.5750	0.8217	0.6907	0.8311	0.6072	0.8849	0.6693	0.8190
137.0000	0.3042	0.3915	0.5504	0.8667	0.9310	0.6914	0.5798	0.8314	0.6833	0.8274	0.6072	0.8849	0.6693	0.8190
138.0000	0.2940	0.3862	0.5418	0.8708	0.9332	0.6895	0.5767	0.8302	0.6842	0.8281	0.6072	0.8849	0.6693	0.8190
139.0000	0.2932	0.3871	0.5414	0.8710	0.9333	0.7015	0.5828	0.8374	0.6787	0.8276	0.6072	0.8849	0.6693	0.8190
140.0000	0.2944	0.3853	0.5426	0.8705	0.9330	0.6868	0.5728	0.8285	0.6855	0.8314	0.6072	0.8849	0.6693	0.8190
141.0000	0.2892	0.3822	0.5373	0.8730	0.9343	0.6838	0.5793	0.8267	0.6869	0.8293	0.6072	0.8849	0.6693	0.8190
142.0000	0.2911	0.3864	0.5392	0.8721	0.9339	0.6885	0.5836	0.8295	0.6848	0.8301	0.6072	0.8849	0.6693	0.8190
143.0000	0.2898	0.3844	0.5384	0.8724	0.9340	0.7009	0.5736	0.8368	0.6792	0.8296	0.6072	0.8849	0.6693	0.8190
144.0000	0.2847	0.3798	0.5328	0.8751	0.9355	0.6966	0.5776	0.8344	0.6810	0.8303	0.6072	0.8849	0.6693	0.8190
145.0000	0.2826	0.3766	0.5301	0.8764	0.9361	0.6868	0.5821	0.8287	0.6854	0.8305	0.6072	0.8849	0.6693	0.8190
146.0000	0.2815	0.3777	0.5306	0.8761	0.9360	0.6787	0.5746	0.8237	0.6891	0.8310	0.6072	0.8849	0.6693	0.8190
147.0000	0.2809	0.3762	0.5290	0.8769	0.9364	0.6832	0.5727	0.8261	0.6874	0.8311	0.6072	0.8849	0.6693	0.8190
148.0000	0.2940	0.3851	0.5423	0.8706	0.9331	0.6905	0.5724	0.8306	0.6839	0.8284	0.6072	0.8849	0.6693	0.8190
149.0000	0.2829	0.3781	0.5320	0.8754	0.9357	0.6856	0.5715	0.8277	0.6861	0.8300	0.6072	0.8849	0.6693	0.8190
150.0000	0.2781	0.3756	0.5276	0.8775	0.9368	0.6984	0.5756	0.8355	0.6801	0.8273	0.6072	0.8849	0.6693	0.8190
151.0000	0.2742	0.3735	0.5237	0.8793	0.9377	0.6964	0.5837	0.8345	0.6809	0.8255	0.6072	0.8849	0.6693	0.8190
152.0000	0.2742	0.3707	0.5230	0.8796	0.9379	0.7689	0.5934	0.8768	0.6477	0.8138	0.6072	0.8849	0.6693	0.8190
153.0000	0.2831	0.3759	0.5322	0.8754	0.9356	0.6943	0.5737	0.8332	0.6819	0.8273	0.6072	0.8849	0.6693	0.8190
154.0000	0.2806	0.3758	0.5283	0.8772	0.9366	0.6775	0.5696	0.8230	0.6897	0.8318	0.6072	0.8849	0.6693	0.8190
155.0000	0.2690	0.3703	0.5176	0.8821	0.9392	0.7003	0.5806	0.8367	0.6793	0.8259	0.6072	0.8849	0.6693	0.8190
156.0000	0.2694	0.3697	0.5193	0.8813	0.9388	0.6727	0.5722	0.8200	0.6919	0.8322	0.6072	0.8849	0.6693	0.8190
157.0000	0.2685	0.3665	0.5162	0.8827	0.9395	0.6805	0.5698	0.8248	0.6883	0.8320	0.6072	0.8849	0.6693	0.8190
158.0000	0.2668	0.3657	0.5158	0.8829	0.9396	0.6920	0.5729	0.8316	0.6832	0.8310	0.6072	0.8849	0.6693	0.8190
159.0000	0.2741	0.3711	0.5237	0.8793	0.9377	0.6751	0.5675	0.8213	0.6910	0.8335	0.6072	0.8849	0.6693	0.8190
160.0000	0.2645	0.3666	0.5146	0.8835	0.9399	0.6789	0.5699	0.8238	0.6890	0.8313	0.6072	0.8849	0.6693	0.8190
161.0000	0.2653	0.3658	0.5147	0.8834	0.9399	0.6863	0.5695	0.8281	0.6858	0.8326	0.6072	0.8849	0.6693	0.8190
162.0000	0.2626	0.3653	0.5122	0.8846	0.9405	0.6609	0.5638	0.8128	0.6973	0.8354	0.6072	0.8849	0.6693	0.8190
163.0000	0.2622	0.3611	0.5119	0.8847	0.9406	0.6591	0.5650	0.8116	0.6982	0.8364	0.6072	0.8849	0.6693	0.8190
164.0000	0.2570	0.3617	0.5068	0.8870	0.9418	0.6754	0.5708	0.8216	0.6907	0.8315	0.6072	0.8849	0.6693	0.8190
165.0000	0.2590	0.3619	0.5080	0.8865	0.9415	0.6678	0.5700	0.8170	0.6942	0.8337	0.6072	0.8849	0.6693	0.8190
166.0000	0.2590	0.3633	0.5087	0.8861	0.9413	0.6728	0.5680	0.8200	0.6920	0.8326	0.6072	0.8849	0.6693	0.8190
167.0000	0.2652	0.3659	0.5146	0.8835	0.9399	0.6862	0.5716	0.8281	0.6858	0.8293	0.6072	0.8849	0.6693	0.8190
168.0000	0.2570	0.3613	0.5071	0.8868	0.9417	0.6672	0.5597	0.8166	0.6945	0.8357	0.6072	0.8849	0.6693	0.8190
169.0000	0.2559	0.3602	0.5060	0.8873	0.9420	0.6804	0.5654	0.8246	0.6885	0.8311	0.6072	0.8849	0.6693	0.8190
170.0000	0.2541	0.3568	0.5042	0.8882	0.9424	0.6918	0.5705	0.8315	0.6832	0.8299	0.6072	0.8849	0.6693	0.8190
171.0000	0.2523	0.3583	0.5026	0.8889	0.9428	0.6723	0.5632	0.8197	0.6922	0.8329	0.6072	0.8849	0.6693	0.8190
172.0000	0.2489	0.3556	0.4992	0.8904	0.9436	0.6861	0.5647	0.8280	0.6859	0.8308	0.6072	0.8849	0.6693	0.8190
173.0000	0.2476	0.3531	0.4971	0.8913	0.9441	0.6898	0.5685	0.8304	0.6841	0.8288	0.6072	0.8849	0.6693	0.8190
174.0000	0.2442	0.3513	0.4939	0.8927	0.9448	0.6728	0.5670	0.8200	0.6919	0.8328	0.6072	0.8849	0.6693	0.8190
175.0000	0.2442	0.3506	0.4942	0.8925	0.9447	0.6850	0.5715	0.8274	0.6864	0.8291	0.6072	0.8849	0.6693	0.8190
176.0000	0.2462	0.3519	0.4961	0.8917	0.9443	0.6860	0.5658	0.8279	0.6860	0.8325	0.6072	0.8849	0.6693	0.8190
177.0000	0.2373	0.3468	0.4873	0.8955	0.9463	0.6821	0.5647	0.8255	0.6878	0.8319	0.6072	0.8849	0.6693	0.8190
178.0000	0.2452	0.3519	0.4948	0.8923	0.9446	0.6897	0.5742	0.8302	0.6842	0.8278	0.6072	0.8849	0.6693	0.8190
179.0000	0.2479	0.3522	0.4948	0.8923	0.9446	0.6852	0.5639	0.8273	0.6864	0.8360	0.6072	0.8849	0.6693	0.8190
180.0000	0.2558	0.3598	0.5059	0.8874	0.9420	0.6777	0.5656	0.8229	0.6897	0.8324	0.6072	0.8849	0.6693	0.8190
181.0000	0.2407	0.3498	0.4898	0.8944	0.9457	0.6804	0.5655	0.8246	0.6884	0.8318	0.6072	0.8849	0.6693	0.8190
182.0000	0.2381	0.3462	0.4881	0.8952	0.9461	0.6787	0.5662	0.8236	0.6893	0.8311	0.6072	0.8849	0.6693	0.8190
183.0000	0.2443	0.3476	0.4932	0.8930	0.9450	0.6930	0.5669	0.8321	0.6828	0.8307	0.6072	0.8849	0.6693	0.8190
Test MAE: 0.6072
Test RMSE: 0.8849
Test R2: 0.6693
Test PCC: 0.8190
