Epoch	Loss_train	MAE_train_Kcat	RMSE_train_Kcat	R2_train_Kcat	PCC_train_Kcat	MAE_train_Km	RMSE_train_Km	R2_train_Km	PCC_train_Km	Loss_val	MAE_val_Kcat	RMSE_val_Kcat	R2_val_Kcat	PCC_val_Kcat	MAE_val_Km	RMSE_val_Km	R2_val_Km	PCC_val_Km	MAE_test_Kcat	RMSE_test_Kcat	R2_test_Kcat	PCC_test_Kcat	MAE_test_Km	RMSE_test_Km	R2_test_Km	PCC_test_Km
1.0000	3.2244	1.0674	1.3823	0.1312	0.3701	0.9012	1.1460	0.1972	0.4535	2.8590	0.9716	1.2605	0.2424	0.5425	0.8910	1.1274	0.2434	0.5357	0.5706	0.8406	0.6767	0.8246	0.5524	0.7724	0.6572	0.8109
2.0000	2.6895	0.9522	1.2467	0.2933	0.5421	0.8351	1.0657	0.3056	0.5539	2.4775	0.9099	1.1790	0.3372	0.6010	0.8198	1.0428	0.3527	0.6006	0.5706	0.8406	0.6767	0.8246	0.5524	0.7724	0.6572	0.8109
3.0000	2.3204	0.8650	1.1400	0.4091	0.6398	0.7894	1.0104	0.3758	0.6134	2.1103	0.8353	1.0617	0.4626	0.6901	0.7747	0.9912	0.4152	0.6457	0.5706	0.8406	0.6767	0.8246	0.5524	0.7724	0.6572	0.8109
4.0000	2.0424	0.8002	1.0612	0.4880	0.6986	0.7453	0.9572	0.4399	0.6635	1.9958	0.7987	1.0402	0.4841	0.6964	0.7448	0.9544	0.4578	0.6778	0.5706	0.8406	0.6767	0.8246	0.5524	0.7724	0.6572	0.8109
5.0000	1.8591	0.7628	1.0081	0.5379	0.7335	0.7129	0.9179	0.4849	0.6965	1.7819	0.7376	0.9643	0.5566	0.7463	0.7155	0.9224	0.4936	0.7088	0.5706	0.8406	0.6767	0.8246	0.5524	0.7724	0.6572	0.8109
6.0000	1.7158	0.7285	0.9674	0.5745	0.7580	0.6844	0.8834	0.5229	0.7232	2.2267	0.7207	0.9487	0.5708	0.7566	0.9179	1.1516	0.2106	0.6768	0.5706	0.8406	0.6767	0.8246	0.5524	0.7724	0.6572	0.8109
7.0000	1.6107	0.7041	0.9383	0.5997	0.7744	0.6620	0.8544	0.5537	0.7442	1.7013	0.7396	0.9580	0.5624	0.7608	0.6873	0.8867	0.5320	0.7350	0.5706	0.8406	0.6767	0.8246	0.5524	0.7724	0.6572	0.8109
8.0000	1.5399	0.6874	0.9200	0.6152	0.7843	0.6408	0.8330	0.5758	0.7589	1.6700	0.7309	0.9509	0.5689	0.7631	0.6730	0.8754	0.5439	0.7400	0.5706	0.8406	0.6767	0.8246	0.5524	0.7724	0.6572	0.8109
9.0000	1.4836	0.6747	0.9055	0.6272	0.7920	0.6273	0.8150	0.5939	0.7707	1.5928	0.6935	0.9150	0.6008	0.7761	0.6559	0.8697	0.5498	0.7481	0.5706	0.8406	0.6767	0.8246	0.5524	0.7724	0.6572	0.8109
10.0000	1.4325	0.6637	0.8889	0.6407	0.8005	0.6152	0.8013	0.6074	0.7794	1.5821	0.6812	0.9061	0.6085	0.7816	0.6711	0.8722	0.5472	0.7425	0.5706	0.8406	0.6767	0.8246	0.5524	0.7724	0.6572	0.8109
11.0000	1.3734	0.6520	0.8753	0.6516	0.8072	0.5948	0.7795	0.6286	0.7928	1.5530	0.6979	0.9139	0.6018	0.7790	0.6467	0.8485	0.5715	0.7576	0.5706	0.8406	0.6767	0.8246	0.5524	0.7724	0.6572	0.8109
12.0000	1.3362	0.6389	0.8615	0.6625	0.8140	0.5901	0.7704	0.6371	0.7982	1.5410	0.6701	0.9035	0.6108	0.7890	0.6460	0.8531	0.5668	0.7537	0.5706	0.8406	0.6767	0.8246	0.5524	0.7724	0.6572	0.8109
13.0000	1.3016	0.6283	0.8509	0.6708	0.8190	0.5787	0.7598	0.6471	0.8044	1.5151	0.6657	0.8980	0.6155	0.7853	0.6405	0.8421	0.5779	0.7641	0.5706	0.8406	0.6767	0.8246	0.5524	0.7724	0.6572	0.8109
14.0000	1.2582	0.6176	0.8402	0.6790	0.8241	0.5669	0.7434	0.6621	0.8137	1.4851	0.6551	0.8810	0.6300	0.7950	0.6390	0.8435	0.5765	0.7597	0.5706	0.8406	0.6767	0.8246	0.5524	0.7724	0.6572	0.8109
15.0000	1.2200	0.6114	0.8288	0.6877	0.8293	0.5551	0.7300	0.6743	0.8211	1.5308	0.6674	0.8941	0.6188	0.7968	0.6516	0.8563	0.5635	0.7586	0.5706	0.8406	0.6767	0.8246	0.5524	0.7724	0.6572	0.8109
16.0000	1.1896	0.6022	0.8191	0.6949	0.8336	0.5461	0.7199	0.6831	0.8265	1.4837	0.6557	0.8902	0.6222	0.7949	0.6248	0.8321	0.5879	0.7679	0.5706	0.8406	0.6767	0.8246	0.5524	0.7724	0.6572	0.8109
17.0000	1.1637	0.5966	0.8105	0.7013	0.8375	0.5409	0.7120	0.6900	0.8307	1.4458	0.6397	0.8707	0.6386	0.7994	0.6233	0.8315	0.5885	0.7673	0.5706	0.8406	0.6767	0.8246	0.5524	0.7724	0.6572	0.8109
18.0000	1.1476	0.5959	0.8079	0.7032	0.8386	0.5332	0.7032	0.6977	0.8353	1.4957	0.6422	0.8813	0.6297	0.7944	0.6318	0.8493	0.5706	0.7674	0.5706	0.8406	0.6767	0.8246	0.5524	0.7724	0.6572	0.8109
19.0000	1.1020	0.5799	0.7900	0.7162	0.8463	0.5237	0.6917	0.7075	0.8411	1.4494	0.6340	0.8691	0.6399	0.8007	0.6288	0.8342	0.5858	0.7712	0.5706	0.8406	0.6767	0.8246	0.5524	0.7724	0.6572	0.8109
20.0000	1.0889	0.5745	0.7858	0.7192	0.8481	0.5180	0.6862	0.7121	0.8439	1.4184	0.6311	0.8632	0.6447	0.8032	0.6101	0.8222	0.5976	0.7736	0.5706	0.8406	0.6767	0.8246	0.5524	0.7724	0.6572	0.8109
21.0000	1.0587	0.5647	0.7726	0.7286	0.8536	0.5143	0.6794	0.7178	0.8473	1.4677	0.6263	0.8620	0.6457	0.8047	0.6314	0.8527	0.5672	0.7757	0.5706	0.8406	0.6767	0.8246	0.5524	0.7724	0.6572	0.8109
22.0000	1.0556	0.5650	0.7718	0.7291	0.8539	0.5093	0.6776	0.7193	0.8481	1.4611	0.6392	0.8717	0.6377	0.8012	0.6156	0.8384	0.5816	0.7758	0.5706	0.8406	0.6767	0.8246	0.5524	0.7724	0.6572	0.8109
23.0000	1.0127	0.5514	0.7556	0.7404	0.8605	0.5000	0.6640	0.7305	0.8547	1.4730	0.6644	0.8886	0.6235	0.7932	0.6267	0.8274	0.5925	0.7734	0.5706	0.8406	0.6767	0.8246	0.5524	0.7724	0.6572	0.8109
24.0000	1.0115	0.5576	0.7608	0.7368	0.8584	0.4962	0.6578	0.7355	0.8576	1.4495	0.6422	0.8703	0.6389	0.7996	0.6160	0.8341	0.5859	0.7832	0.5706	0.8406	0.6767	0.8246	0.5524	0.7724	0.6572	0.8109
25.0000	0.9848	0.5445	0.7462	0.7468	0.8642	0.4921	0.6539	0.7386	0.8594	1.5027	0.6657	0.9046	0.6099	0.7867	0.6185	0.8266	0.5933	0.7724	0.5706	0.8406	0.6767	0.8246	0.5524	0.7724	0.6572	0.8109
26.0000	0.9603	0.5378	0.7397	0.7512	0.8667	0.4814	0.6427	0.7475	0.8646	1.4992	0.6567	0.8968	0.6165	0.7948	0.6293	0.8355	0.5845	0.7725	0.5706	0.8406	0.6767	0.8246	0.5524	0.7724	0.6572	0.8109
27.0000	0.9590	0.5423	0.7388	0.7518	0.8671	0.4825	0.6424	0.7477	0.8647	1.4148	0.6479	0.8655	0.6428	0.8042	0.5969	0.8172	0.6025	0.7781	0.5706	0.8406	0.6767	0.8246	0.5524	0.7724	0.6572	0.8109
28.0000	0.9404	0.5370	0.7357	0.7539	0.8683	0.4737	0.6316	0.7561	0.8695	1.3808	0.6182	0.8575	0.6494	0.8076	0.5951	0.8044	0.6149	0.7854	0.5706	0.8406	0.6767	0.8246	0.5524	0.7724	0.6572	0.8109
29.0000	0.9134	0.5215	0.7174	0.7660	0.8752	0.4736	0.6316	0.7562	0.8696	1.3796	0.6178	0.8562	0.6505	0.8070	0.6012	0.8053	0.6140	0.7839	0.5706	0.8406	0.6767	0.8246	0.5524	0.7724	0.6572	0.8109
30.0000	0.9059	0.5251	0.7219	0.7631	0.8735	0.4646	0.6205	0.7646	0.8744	1.3883	0.6202	0.8559	0.6507	0.8096	0.5974	0.8108	0.6087	0.7857	0.5706	0.8406	0.6767	0.8246	0.5524	0.7724	0.6572	0.8109
31.0000	0.8954	0.5171	0.7124	0.7693	0.8771	0.4657	0.6230	0.7627	0.8733	1.5296	0.6392	0.8751	0.6349	0.7971	0.6411	0.8754	0.5439	0.7828	0.5706	0.8406	0.6767	0.8246	0.5524	0.7724	0.6572	0.8109
32.0000	0.8848	0.5122	0.7079	0.7722	0.8787	0.4642	0.6194	0.7655	0.8749	1.4003	0.6223	0.8665	0.6420	0.8062	0.6000	0.8074	0.6120	0.7866	0.5706	0.8406	0.6767	0.8246	0.5524	0.7724	0.6572	0.8109
33.0000	0.8629	0.5079	0.7019	0.7760	0.8809	0.4542	0.6084	0.7737	0.8796	1.3574	0.6049	0.8449	0.6596	0.8126	0.5969	0.8033	0.6159	0.7866	0.5706	0.8406	0.6767	0.8246	0.5524	0.7724	0.6572	0.8109
34.0000	0.8577	0.5104	0.7061	0.7733	0.8794	0.4461	0.5993	0.7804	0.8834	1.3680	0.6298	0.8514	0.6544	0.8106	0.5885	0.8032	0.6160	0.7855	0.5706	0.8406	0.6767	0.8246	0.5524	0.7724	0.6572	0.8109
35.0000	0.8478	0.5038	0.6945	0.7807	0.8836	0.4540	0.6049	0.7763	0.8811	1.3874	0.6283	0.8564	0.6503	0.8066	0.5911	0.8104	0.6091	0.7835	0.5706	0.8406	0.6767	0.8246	0.5524	0.7724	0.6572	0.8109
36.0000	0.8275	0.4926	0.6845	0.7869	0.8871	0.4481	0.5992	0.7805	0.8835	1.3708	0.6023	0.8396	0.6639	0.8156	0.6017	0.8167	0.6030	0.7776	0.5706	0.8406	0.6767	0.8246	0.5524	0.7724	0.6572	0.8109
37.0000	0.8259	0.4956	0.6849	0.7867	0.8870	0.4472	0.5975	0.7817	0.8842	1.3586	0.6051	0.8428	0.6614	0.8176	0.5930	0.8059	0.6134	0.7883	0.5706	0.8406	0.6767	0.8246	0.5524	0.7724	0.6572	0.8109
38.0000	0.8201	0.4929	0.6849	0.7867	0.8870	0.4405	0.5927	0.7853	0.8862	1.3814	0.6098	0.8590	0.6482	0.8110	0.5871	0.8032	0.6160	0.7871	0.5706	0.8406	0.6767	0.8246	0.5524	0.7724	0.6572	0.8109
39.0000	0.8099	0.4909	0.6830	0.7879	0.8876	0.4364	0.5858	0.7902	0.8889	1.3331	0.6063	0.8340	0.6684	0.8176	0.5855	0.8001	0.6189	0.7870	0.5706	0.8406	0.6767	0.8246	0.5524	0.7724	0.6572	0.8109
40.0000	0.7997	0.4858	0.6761	0.7921	0.8900	0.4371	0.5856	0.7904	0.8890	1.3133	0.5965	0.8291	0.6722	0.8199	0.5815	0.7923	0.6264	0.7931	0.5706	0.8406	0.6767	0.8246	0.5524	0.7724	0.6572	0.8109
41.0000	0.8004	0.4904	0.6809	0.7892	0.8884	0.4308	0.5799	0.7944	0.8913	1.3538	0.6183	0.8460	0.6588	0.8127	0.5954	0.7998	0.6193	0.7900	0.5706	0.8406	0.6767	0.8246	0.5524	0.7724	0.6572	0.8109
42.0000	0.7812	0.4828	0.6700	0.7959	0.8921	0.4263	0.5759	0.7972	0.8929	1.3481	0.6221	0.8507	0.6549	0.8116	0.5812	0.7916	0.6270	0.7931	0.5706	0.8406	0.6767	0.8246	0.5524	0.7724	0.6572	0.8109
43.0000	0.7807	0.4852	0.6698	0.7960	0.8922	0.4280	0.5764	0.7969	0.8927	1.3965	0.6193	0.8622	0.6455	0.8054	0.5946	0.8091	0.6103	0.7843	0.5706	0.8406	0.6767	0.8246	0.5524	0.7724	0.6572	0.8109
44.0000	0.7668	0.4765	0.6642	0.7994	0.8941	0.4209	0.5708	0.8008	0.8949	1.3481	0.5914	0.8354	0.6673	0.8185	0.5986	0.8085	0.6109	0.7835	0.5706	0.8406	0.6767	0.8246	0.5524	0.7724	0.6572	0.8109
45.0000	0.7609	0.4732	0.6586	0.8028	0.8960	0.4237	0.5712	0.8005	0.8947	1.3593	0.6142	0.8473	0.6577	0.8124	0.5941	0.8026	0.6165	0.7853	0.5706	0.8406	0.6767	0.8246	0.5524	0.7724	0.6572	0.8109
46.0000	0.7532	0.4708	0.6541	0.8055	0.8975	0.4233	0.5707	0.8009	0.8949	1.3561	0.6063	0.8413	0.6625	0.8162	0.5947	0.8071	0.6123	0.7859	0.5706	0.8406	0.6767	0.8246	0.5524	0.7724	0.6572	0.8109
47.0000	0.7370	0.4617	0.6461	0.8102	0.9001	0.4190	0.5654	0.8045	0.8970	1.3492	0.6027	0.8398	0.6637	0.8164	0.5867	0.8042	0.6151	0.7906	0.5706	0.8406	0.6767	0.8246	0.5524	0.7724	0.6572	0.8109
48.0000	0.7335	0.4645	0.6496	0.8081	0.8989	0.4141	0.5584	0.8094	0.8997	1.3715	0.5915	0.8403	0.6633	0.8170	0.5940	0.8173	0.6024	0.7850	0.5706	0.8406	0.6767	0.8246	0.5524	0.7724	0.6572	0.8109
49.0000	0.7291	0.4563	0.6426	0.8122	0.9012	0.4147	0.5621	0.8068	0.8982	1.3870	0.6127	0.8618	0.6459	0.8096	0.5891	0.8045	0.6148	0.7896	0.5706	0.8406	0.6767	0.8246	0.5524	0.7724	0.6572	0.8109
50.0000	0.7225	0.4526	0.6373	0.8153	0.9030	0.4171	0.5623	0.8067	0.8982	1.3813	0.6088	0.8589	0.6483	0.8124	0.5959	0.8043	0.6149	0.7909	0.5706	0.8406	0.6767	0.8246	0.5524	0.7724	0.6572	0.8109
51.0000	0.7206	0.4583	0.6401	0.8137	0.9020	0.4127	0.5573	0.8101	0.9001	1.3360	0.5855	0.8286	0.6727	0.8215	0.5888	0.8079	0.6115	0.7884	0.5706	0.8406	0.6767	0.8246	0.5524	0.7724	0.6572	0.8109
52.0000	0.7132	0.4551	0.6391	0.8143	0.9024	0.4068	0.5520	0.8137	0.9021	1.3487	0.5942	0.8400	0.6635	0.8181	0.5863	0.8036	0.6156	0.7870	0.5706	0.8406	0.6767	0.8246	0.5524	0.7724	0.6572	0.8109
53.0000	0.6969	0.4486	0.6280	0.8207	0.9059	0.4053	0.5501	0.8150	0.9028	1.3539	0.5928	0.8406	0.6631	0.8161	0.6004	0.8063	0.6130	0.7889	0.5706	0.8406	0.6767	0.8246	0.5524	0.7724	0.6572	0.8109
54.0000	0.6947	0.4411	0.6221	0.8240	0.9078	0.4120	0.5548	0.8118	0.9010	1.3574	0.5998	0.8526	0.6534	0.8148	0.5798	0.7948	0.6240	0.7922	0.5706	0.8406	0.6767	0.8246	0.5524	0.7724	0.6572	0.8109
55.0000	0.6897	0.4460	0.6263	0.8216	0.9064	0.4021	0.5452	0.8183	0.9046	1.3117	0.5885	0.8274	0.6736	0.8211	0.5821	0.7932	0.6255	0.7910	0.5706	0.8406	0.6767	0.8246	0.5524	0.7724	0.6572	0.8109
56.0000	0.6856	0.4435	0.6269	0.8213	0.9063	0.3989	0.5410	0.8211	0.9061	1.3234	0.5911	0.8352	0.6674	0.8211	0.5803	0.7929	0.6258	0.7921	0.5706	0.8406	0.6767	0.8246	0.5524	0.7724	0.6572	0.8109
57.0000	0.6652	0.4344	0.6145	0.8283	0.9101	0.3933	0.5360	0.8244	0.9080	1.2997	0.5825	0.8289	0.6724	0.8226	0.5753	0.7841	0.6341	0.7963	0.5706	0.8406	0.6767	0.8246	0.5524	0.7724	0.6572	0.8109
58.0000	0.6690	0.4339	0.6137	0.8287	0.9103	0.3987	0.5408	0.8212	0.9062	1.3057	0.5872	0.8274	0.6736	0.8222	0.5787	0.7894	0.6291	0.7936	0.5706	0.8406	0.6767	0.8246	0.5524	0.7724	0.6572	0.8109
59.0000	0.6712	0.4360	0.6184	0.8261	0.9089	0.3937	0.5372	0.8236	0.9075	1.3102	0.5846	0.8218	0.6780	0.8245	0.5860	0.7979	0.6211	0.7884	0.5706	0.8406	0.6767	0.8246	0.5524	0.7724	0.6572	0.8109
60.0000	0.6592	0.4315	0.6096	0.8310	0.9116	0.3941	0.5357	0.8245	0.9080	1.3204	0.5846	0.8225	0.6774	0.8267	0.5908	0.8029	0.6163	0.7856	0.5706	0.8406	0.6767	0.8246	0.5524	0.7724	0.6572	0.8109
61.0000	0.6499	0.4272	0.6053	0.8334	0.9129	0.3936	0.5326	0.8266	0.9092	1.3276	0.5841	0.8292	0.6722	0.8203	0.5891	0.8013	0.6179	0.7871	0.5706	0.8406	0.6767	0.8246	0.5524	0.7724	0.6572	0.8109
62.0000	0.6482	0.4259	0.6026	0.8349	0.9137	0.3928	0.5340	0.8256	0.9087	1.3134	0.5813	0.8253	0.6753	0.8230	0.5793	0.7966	0.6223	0.7907	0.5706	0.8406	0.6767	0.8246	0.5524	0.7724	0.6572	0.8109
63.0000	0.6450	0.4291	0.6067	0.8326	0.9125	0.3859	0.5261	0.8308	0.9115	1.3270	0.5847	0.8397	0.6638	0.8206	0.5803	0.7904	0.6282	0.7940	0.5706	0.8406	0.6767	0.8246	0.5524	0.7724	0.6572	0.8109
64.0000	0.6323	0.4238	0.6019	0.8353	0.9139	0.3794	0.5195	0.8350	0.9138	1.3143	0.5773	0.8159	0.6826	0.8265	0.5863	0.8075	0.6119	0.7875	0.5706	0.8406	0.6767	0.8246	0.5524	0.7724	0.6572	0.8109
65.0000	0.6350	0.4221	0.5988	0.8370	0.9149	0.3851	0.5259	0.8309	0.9115	1.3427	0.5859	0.8408	0.6630	0.8191	0.5895	0.7996	0.6195	0.7902	0.5706	0.8406	0.6767	0.8246	0.5524	0.7724	0.6572	0.8109
66.0000	0.6289	0.4164	0.5934	0.8399	0.9165	0.3862	0.5261	0.8308	0.9115	1.3201	0.5833	0.8261	0.6746	0.8232	0.5851	0.8006	0.6185	0.7896	0.5706	0.8406	0.6767	0.8246	0.5524	0.7724	0.6572	0.8109
67.0000	0.6196	0.4159	0.5900	0.8417	0.9175	0.3819	0.5206	0.8343	0.9134	1.3027	0.5783	0.8235	0.6767	0.8243	0.5785	0.7919	0.6267	0.7930	0.5706	0.8406	0.6767	0.8246	0.5524	0.7724	0.6572	0.8109
68.0000	0.6213	0.4154	0.5915	0.8409	0.9170	0.3811	0.5212	0.8340	0.9132	1.3304	0.5853	0.8363	0.6665	0.8206	0.5789	0.7960	0.6228	0.7920	0.5706	0.8406	0.6767	0.8246	0.5524	0.7724	0.6572	0.8109
69.0000	0.6153	0.4154	0.5867	0.8435	0.9184	0.3815	0.5202	0.8346	0.9136	1.3228	0.5784	0.8282	0.6729	0.8231	0.5828	0.8001	0.6189	0.7934	0.5706	0.8406	0.6767	0.8246	0.5524	0.7724	0.6572	0.8109
70.0000	0.6080	0.4098	0.5840	0.8449	0.9192	0.3766	0.5166	0.8368	0.9148	1.3024	0.5781	0.8214	0.6783	0.8274	0.5843	0.7945	0.6243	0.7937	0.5706	0.8406	0.6767	0.8246	0.5524	0.7724	0.6572	0.8109
71.0000	0.5982	0.4090	0.5806	0.8467	0.9202	0.3722	0.5107	0.8405	0.9168	1.3331	0.5846	0.8442	0.6602	0.8162	0.5779	0.7893	0.6292	0.7952	0.5706	0.8406	0.6767	0.8246	0.5524	0.7724	0.6572	0.8109
72.0000	0.5932	0.4075	0.5796	0.8472	0.9205	0.3705	0.5071	0.8428	0.9180	1.3013	0.5875	0.8231	0.6769	0.8267	0.5779	0.7913	0.6273	0.7931	0.5706	0.8406	0.6767	0.8246	0.5524	0.7724	0.6572	0.8109
73.0000	0.5901	0.4042	0.5754	0.8495	0.9217	0.3718	0.5087	0.8418	0.9175	1.2795	0.5679	0.8125	0.6853	0.8305	0.5748	0.7882	0.6302	0.7944	0.5706	0.8406	0.6767	0.8246	0.5524	0.7724	0.6572	0.8109
74.0000	0.5920	0.4051	0.5760	0.8492	0.9215	0.3715	0.5103	0.8408	0.9169	1.3156	0.5762	0.8209	0.6787	0.8269	0.5851	0.8025	0.6166	0.7891	0.5706	0.8406	0.6767	0.8246	0.5524	0.7724	0.6572	0.8109
75.0000	0.5855	0.4037	0.5735	0.8504	0.9222	0.3693	0.5066	0.8431	0.9182	1.3114	0.5715	0.8215	0.6782	0.8290	0.5804	0.7998	0.6193	0.7895	0.5706	0.8406	0.6767	0.8246	0.5524	0.7724	0.6572	0.8109
76.0000	0.5881	0.4051	0.5787	0.8477	0.9207	0.3659	0.5032	0.8452	0.9193	1.2999	0.5795	0.8276	0.6734	0.8229	0.5714	0.7859	0.6324	0.7971	0.5706	0.8406	0.6767	0.8246	0.5524	0.7724	0.6572	0.8109
77.0000	0.5733	0.3970	0.5673	0.8537	0.9240	0.3664	0.5017	0.8461	0.9198	1.3169	0.5737	0.8327	0.6694	0.8229	0.5767	0.7912	0.6274	0.7942	0.5706	0.8406	0.6767	0.8246	0.5524	0.7724	0.6572	0.8109
78.0000	0.5869	0.4031	0.5762	0.8491	0.9214	0.3676	0.5044	0.8445	0.9189	1.3149	0.5853	0.8356	0.6671	0.8217	0.5746	0.7869	0.6315	0.7963	0.5706	0.8406	0.6767	0.8246	0.5524	0.7724	0.6572	0.8109
79.0000	0.5673	0.3950	0.5622	0.8563	0.9254	0.3659	0.5013	0.8464	0.9200	1.3115	0.5807	0.8289	0.6724	0.8224	0.5755	0.7916	0.6270	0.7945	0.5706	0.8406	0.6767	0.8246	0.5524	0.7724	0.6572	0.8109
80.0000	0.5599	0.3906	0.5561	0.8594	0.9270	0.3639	0.5003	0.8470	0.9203	1.2933	0.5720	0.8226	0.6773	0.8268	0.5769	0.7870	0.6314	0.7970	0.5706	0.8406	0.6767	0.8246	0.5524	0.7724	0.6572	0.8109
81.0000	0.5615	0.3894	0.5559	0.8595	0.9271	0.3633	0.5026	0.8456	0.9195	1.2953	0.5690	0.8146	0.6836	0.8307	0.5809	0.7961	0.6228	0.7940	0.5706	0.8406	0.6767	0.8246	0.5524	0.7724	0.6572	0.8109
82.0000	0.5528	0.3902	0.5564	0.8593	0.9270	0.3578	0.4932	0.8513	0.9226	1.2863	0.5704	0.8200	0.6794	0.8314	0.5710	0.7850	0.6332	0.7967	0.5706	0.8406	0.6767	0.8246	0.5524	0.7724	0.6572	0.8109
83.0000	0.5452	0.3843	0.5496	0.8627	0.9288	0.3580	0.4930	0.8514	0.9227	1.3003	0.5767	0.8272	0.6738	0.8216	0.5684	0.7853	0.6329	0.7973	0.5706	0.8406	0.6767	0.8246	0.5524	0.7724	0.6572	0.8109
84.0000	0.5454	0.3864	0.5528	0.8610	0.9279	0.3559	0.4895	0.8535	0.9238	1.3197	0.5819	0.8334	0.6688	0.8236	0.5703	0.7912	0.6274	0.7945	0.5706	0.8406	0.6767	0.8246	0.5524	0.7724	0.6572	0.8109
85.0000	0.5423	0.3825	0.5458	0.8645	0.9298	0.3565	0.4943	0.8506	0.9223	1.3224	0.5778	0.8362	0.6666	0.8219	0.5731	0.7906	0.6280	0.7938	0.5706	0.8406	0.6767	0.8246	0.5524	0.7724	0.6572	0.8109
86.0000	0.5305	0.3757	0.5396	0.8676	0.9314	0.3533	0.4890	0.8538	0.9240	1.3007	0.5810	0.8221	0.6778	0.8249	0.5759	0.7909	0.6276	0.7932	0.5706	0.8406	0.6767	0.8246	0.5524	0.7724	0.6572	0.8109
87.0000	0.5402	0.3860	0.5502	0.8624	0.9286	0.3512	0.4873	0.8548	0.9246	1.2963	0.5707	0.8203	0.6792	0.8312	0.5739	0.7914	0.6273	0.7930	0.5706	0.8406	0.6767	0.8246	0.5524	0.7724	0.6572	0.8109
88.0000	0.5343	0.3813	0.5477	0.8636	0.9293	0.3488	0.4842	0.8567	0.9256	1.2913	0.5806	0.8176	0.6813	0.8255	0.5692	0.7902	0.6283	0.7945	0.5706	0.8406	0.6767	0.8246	0.5524	0.7724	0.6572	0.8109
89.0000	0.5375	0.3817	0.5459	0.8645	0.9298	0.3540	0.4893	0.8536	0.9239	1.2688	0.5587	0.7986	0.6959	0.8351	0.5819	0.7959	0.6230	0.7927	0.5706	0.8406	0.6767	0.8246	0.5524	0.7724	0.6572	0.8109
90.0000	0.5168	0.3728	0.5340	0.8703	0.9329	0.3465	0.4812	0.8584	0.9265	1.3039	0.5750	0.8204	0.6791	0.8253	0.5743	0.7951	0.6237	0.7946	0.5706	0.8406	0.6767	0.8246	0.5524	0.7724	0.6572	0.8109
91.0000	0.5168	0.3717	0.5332	0.8707	0.9331	0.3491	0.4823	0.8578	0.9262	1.2982	0.5675	0.8184	0.6807	0.8288	0.5732	0.7930	0.6257	0.7918	0.5706	0.8406	0.6767	0.8246	0.5524	0.7724	0.6572	0.8109
92.0000	0.5135	0.3703	0.5329	0.8709	0.9332	0.3471	0.4792	0.8596	0.9271	1.2864	0.5773	0.8221	0.6777	0.8270	0.5691	0.7829	0.6352	0.7977	0.5706	0.8406	0.6767	0.8246	0.5524	0.7724	0.6572	0.8109
93.0000	0.5176	0.3719	0.5347	0.8700	0.9327	0.3464	0.4811	0.8585	0.9266	1.3041	0.5670	0.8197	0.6796	0.8304	0.5764	0.7963	0.6226	0.7928	0.5706	0.8406	0.6767	0.8246	0.5524	0.7724	0.6572	0.8109
94.0000	0.5143	0.3746	0.5345	0.8701	0.9328	0.3431	0.4780	0.8603	0.9275	1.2690	0.5610	0.8095	0.6875	0.8319	0.5721	0.7845	0.6336	0.7967	0.5706	0.8406	0.6767	0.8246	0.5524	0.7724	0.6572	0.8109
95.0000	0.5092	0.3700	0.5299	0.8723	0.9340	0.3449	0.4777	0.8605	0.9276	1.3006	0.5725	0.8235	0.6766	0.8236	0.5695	0.7900	0.6285	0.7938	0.5706	0.8406	0.6767	0.8246	0.5524	0.7724	0.6572	0.8109
96.0000	0.5072	0.3658	0.5289	0.8728	0.9343	0.3449	0.4769	0.8609	0.9279	1.2844	0.5633	0.8085	0.6884	0.8316	0.5720	0.7956	0.6233	0.7913	0.5706	0.8406	0.6767	0.8246	0.5524	0.7724	0.6572	0.8109
97.0000	0.5081	0.3694	0.5299	0.8723	0.9340	0.3426	0.4765	0.8612	0.9280	1.2806	0.5635	0.8124	0.6853	0.8311	0.5727	0.7893	0.6292	0.7934	0.5706	0.8406	0.6767	0.8246	0.5524	0.7724	0.6572	0.8109
98.0000	0.5029	0.3654	0.5305	0.8720	0.9338	0.3381	0.4702	0.8649	0.9300	1.2550	0.5660	0.8030	0.6926	0.8327	0.5611	0.7824	0.6356	0.7987	0.5706	0.8406	0.6767	0.8246	0.5524	0.7724	0.6572	0.8109
99.0000	0.4926	0.3627	0.5221	0.8761	0.9360	0.3375	0.4687	0.8657	0.9304	1.2816	0.5665	0.8141	0.6840	0.8320	0.5689	0.7881	0.6303	0.7948	0.5706	0.8406	0.6767	0.8246	0.5524	0.7724	0.6572	0.8109
100.0000	0.4959	0.3638	0.5250	0.8747	0.9352	0.3382	0.4693	0.8653	0.9302	1.2909	0.5707	0.8157	0.6828	0.8301	0.5752	0.7923	0.6264	0.7934	0.5706	0.8406	0.6767	0.8246	0.5524	0.7724	0.6572	0.8109
101.0000	0.4904	0.3619	0.5194	0.8773	0.9367	0.3383	0.4697	0.8651	0.9301	1.2653	0.5575	0.8034	0.6923	0.8345	0.5653	0.7887	0.6298	0.7950	0.5706	0.8406	0.6767	0.8246	0.5524	0.7724	0.6572	0.8109
102.0000	0.4950	0.3630	0.5218	0.8762	0.9360	0.3391	0.4714	0.8641	0.9296	1.2985	0.5689	0.8231	0.6770	0.8289	0.5726	0.7896	0.6289	0.7941	0.5706	0.8406	0.6767	0.8246	0.5524	0.7724	0.6572	0.8109
103.0000	0.4880	0.3602	0.5176	0.8782	0.9371	0.3383	0.4693	0.8654	0.9302	1.2796	0.5652	0.8194	0.6799	0.8300	0.5637	0.7815	0.6365	0.7992	0.5706	0.8406	0.6767	0.8246	0.5524	0.7724	0.6572	0.8109
104.0000	0.4853	0.3611	0.5183	0.8778	0.9369	0.3334	0.4656	0.8674	0.9314	1.2555	0.5522	0.7980	0.6964	0.8371	0.5654	0.7875	0.6309	0.7949	0.5706	0.8406	0.6767	0.8246	0.5524	0.7724	0.6572	0.8109
105.0000	0.4789	0.3585	0.5134	0.8802	0.9382	0.3336	0.4642	0.8683	0.9318	1.2693	0.5658	0.8125	0.6852	0.8301	0.5679	0.7816	0.6364	0.7979	0.5706	0.8406	0.6767	0.8246	0.5524	0.7724	0.6572	0.8109
106.0000	0.4812	0.3596	0.5177	0.8781	0.9371	0.3317	0.4616	0.8697	0.9326	1.3006	0.5691	0.8255	0.6751	0.8316	0.5660	0.7881	0.6303	0.7964	0.5706	0.8406	0.6767	0.8246	0.5524	0.7724	0.6572	0.8109
107.0000	0.4700	0.3526	0.5087	0.8823	0.9393	0.3298	0.4595	0.8709	0.9332	1.2663	0.5690	0.8066	0.6898	0.8312	0.5710	0.7865	0.6319	0.7981	0.5706	0.8406	0.6767	0.8246	0.5524	0.7724	0.6572	0.8109
108.0000	0.4719	0.3548	0.5114	0.8811	0.9387	0.3287	0.4584	0.8715	0.9336	1.2623	0.5619	0.8142	0.6839	0.8296	0.5613	0.7754	0.6422	0.8014	0.5706	0.8406	0.6767	0.8246	0.5524	0.7724	0.6572	0.8109
109.0000	0.4624	0.3528	0.5033	0.8848	0.9406	0.3271	0.4570	0.8723	0.9340	1.2562	0.5695	0.8095	0.6876	0.8304	0.5610	0.7770	0.6406	0.8005	0.5706	0.8406	0.6767	0.8246	0.5524	0.7724	0.6572	0.8109
110.0000	0.4616	0.3475	0.5028	0.8850	0.9408	0.3264	0.4567	0.8725	0.9341	1.2574	0.5593	0.8036	0.6921	0.8340	0.5675	0.7837	0.6344	0.7982	0.5706	0.8406	0.6767	0.8246	0.5524	0.7724	0.6572	0.8109
111.0000	0.4673	0.3544	0.5086	0.8824	0.9394	0.3286	0.4569	0.8724	0.9340	1.2629	0.5590	0.8052	0.6909	0.8342	0.5630	0.7856	0.6327	0.7980	0.5706	0.8406	0.6767	0.8246	0.5524	0.7724	0.6572	0.8109
112.0000	0.4520	0.3467	0.4969	0.8877	0.9422	0.3247	0.4528	0.8746	0.9352	1.2649	0.5625	0.8120	0.6856	0.8308	0.5608	0.7794	0.6384	0.8007	0.5706	0.8406	0.6767	0.8246	0.5524	0.7724	0.6572	0.8109
113.0000	0.4510	0.3419	0.4944	0.8889	0.9428	0.3244	0.4545	0.8737	0.9347	1.2896	0.5629	0.8179	0.6810	0.8288	0.5736	0.7889	0.6295	0.7966	0.5706	0.8406	0.6767	0.8246	0.5524	0.7724	0.6572	0.8109
114.0000	0.4511	0.3437	0.4952	0.8885	0.9426	0.3241	0.4539	0.8741	0.9349	1.2627	0.5614	0.8072	0.6894	0.8312	0.5671	0.7824	0.6357	0.7974	0.5706	0.8406	0.6767	0.8246	0.5524	0.7724	0.6572	0.8109
115.0000	0.4532	0.3453	0.4979	0.8873	0.9419	0.3239	0.4532	0.8744	0.9351	1.2659	0.5559	0.8065	0.6899	0.8338	0.5681	0.7849	0.6333	0.7984	0.5706	0.8406	0.6767	0.8246	0.5524	0.7724	0.6572	0.8109
116.0000	0.4349	0.3361	0.4874	0.8920	0.9445	0.3182	0.4444	0.8793	0.9377	1.2418	0.5564	0.8038	0.6920	0.8338	0.5557	0.7736	0.6438	0.8035	0.5706	0.8406	0.6767	0.8246	0.5524	0.7724	0.6572	0.8109
117.0000	0.4463	0.3408	0.4920	0.8899	0.9434	0.3236	0.4518	0.8752	0.9355	1.2762	0.5597	0.8118	0.6858	0.8303	0.5714	0.7871	0.6313	0.7976	0.5706	0.8406	0.6767	0.8246	0.5524	0.7724	0.6572	0.8109
118.0000	0.4413	0.3364	0.4874	0.8920	0.9445	0.3223	0.4508	0.8758	0.9358	1.2540	0.5609	0.8026	0.6929	0.8326	0.5627	0.7822	0.6358	0.8006	0.5706	0.8406	0.6767	0.8246	0.5524	0.7724	0.6572	0.8109
119.0000	0.4399	0.3379	0.4877	0.8919	0.9444	0.3213	0.4496	0.8764	0.9362	1.2672	0.5577	0.8136	0.6844	0.8324	0.5625	0.7796	0.6383	0.7991	0.5706	0.8406	0.6767	0.8246	0.5524	0.7724	0.6572	0.8109
120.0000	0.4343	0.3373	0.4871	0.8921	0.9445	0.3162	0.4440	0.8795	0.9378	1.2943	0.5630	0.8200	0.6794	0.8269	0.5684	0.7900	0.6285	0.7963	0.5706	0.8406	0.6767	0.8246	0.5524	0.7724	0.6572	0.8109
121.0000	0.4262	0.3319	0.4813	0.8947	0.9459	0.3134	0.4410	0.8811	0.9387	1.2677	0.5553	0.8104	0.6868	0.8299	0.5608	0.7823	0.6357	0.8026	0.5706	0.8406	0.6767	0.8246	0.5524	0.7724	0.6572	0.8109
122.0000	0.4310	0.3359	0.4830	0.8939	0.9455	0.3173	0.4445	0.8792	0.9377	1.2531	0.5520	0.7997	0.6951	0.8343	0.5629	0.7843	0.6339	0.8005	0.5706	0.8406	0.6767	0.8246	0.5524	0.7724	0.6572	0.8109
123.0000	0.4317	0.3354	0.4855	0.8928	0.9449	0.3163	0.4426	0.8802	0.9382	1.2791	0.5554	0.8128	0.6850	0.8338	0.5748	0.7877	0.6307	0.7989	0.5706	0.8406	0.6767	0.8246	0.5524	0.7724	0.6572	0.8109
124.0000	0.4282	0.3322	0.4774	0.8964	0.9468	0.3204	0.4471	0.8778	0.9369	1.2639	0.5670	0.8088	0.6881	0.8327	0.5643	0.7821	0.6359	0.7988	0.5706	0.8406	0.6767	0.8246	0.5524	0.7724	0.6572	0.8109
125.0000	0.4243	0.3322	0.4785	0.8959	0.9465	0.3146	0.4419	0.8806	0.9384	1.2637	0.5515	0.8052	0.6909	0.8359	0.5661	0.7861	0.6322	0.7967	0.5706	0.8406	0.6767	0.8246	0.5524	0.7724	0.6572	0.8109
126.0000	0.4213	0.3309	0.4775	0.8963	0.9467	0.3132	0.4394	0.8820	0.9391	1.2656	0.5524	0.8036	0.6921	0.8342	0.5687	0.7885	0.6299	0.7951	0.5706	0.8406	0.6767	0.8246	0.5524	0.7724	0.6572	0.8109
127.0000	0.4172	0.3264	0.4734	0.8981	0.9477	0.3113	0.4392	0.8821	0.9392	1.2760	0.5615	0.8122	0.6855	0.8307	0.5684	0.7859	0.6324	0.7990	0.5706	0.8406	0.6767	0.8246	0.5524	0.7724	0.6572	0.8109
128.0000	0.4178	0.3304	0.4740	0.8978	0.9475	0.3124	0.4393	0.8820	0.9392	1.2517	0.5616	0.8136	0.6844	0.8385	0.5566	0.7695	0.6476	0.8049	0.5706	0.8406	0.6767	0.8246	0.5524	0.7724	0.6572	0.8109
129.0000	0.4208	0.3301	0.4791	0.8956	0.9464	0.3126	0.4375	0.8830	0.9397	1.2447	0.5550	0.8014	0.6938	0.8357	0.5604	0.7780	0.6397	0.7999	0.5706	0.8406	0.6767	0.8246	0.5524	0.7724	0.6572	0.8109
130.0000	0.4117	0.3264	0.4690	0.9000	0.9487	0.3108	0.4380	0.8827	0.9395	1.2368	0.5483	0.7979	0.6964	0.8356	0.5577	0.7756	0.6419	0.8028	0.5706	0.8406	0.6767	0.8246	0.5524	0.7724	0.6572	0.8109
131.0000	0.4097	0.3265	0.4717	0.8988	0.9481	0.3077	0.4326	0.8856	0.9411	1.2479	0.5553	0.8072	0.6894	0.8372	0.5619	0.7730	0.6443	0.8032	0.5706	0.8406	0.6767	0.8246	0.5524	0.7724	0.6572	0.8109
132.0000	0.4067	0.3247	0.4682	0.9003	0.9489	0.3096	0.4329	0.8854	0.9410	1.2488	0.5526	0.8084	0.6884	0.8338	0.5579	0.7730	0.6443	0.8031	0.5706	0.8406	0.6767	0.8246	0.5524	0.7724	0.6572	0.8109
133.0000	0.4113	0.3232	0.4689	0.9000	0.9487	0.3097	0.4374	0.8830	0.9397	1.2496	0.5538	0.8029	0.6926	0.8341	0.5604	0.7789	0.6389	0.8004	0.5706	0.8406	0.6767	0.8246	0.5524	0.7724	0.6572	0.8109
134.0000	0.4017	0.3205	0.4628	0.9026	0.9501	0.3081	0.4331	0.8853	0.9409	1.2484	0.5496	0.8018	0.6934	0.8355	0.5666	0.7798	0.6381	0.8003	0.5706	0.8406	0.6767	0.8246	0.5524	0.7724	0.6572	0.8109
135.0000	0.3982	0.3188	0.4584	0.9045	0.9510	0.3071	0.4338	0.8850	0.9407	1.2334	0.5438	0.7942	0.6992	0.8382	0.5578	0.7774	0.6403	0.8018	0.5706	0.8406	0.6767	0.8246	0.5524	0.7724	0.6572	0.8109
136.0000	0.3981	0.3199	0.4637	0.9023	0.9499	0.3023	0.4276	0.8882	0.9425	1.2445	0.5473	0.7986	0.6959	0.8398	0.5599	0.7802	0.6377	0.7991	0.5706	0.8406	0.6767	0.8246	0.5524	0.7724	0.6572	0.8109
137.0000	0.3973	0.3179	0.4610	0.9034	0.9505	0.3049	0.4300	0.8869	0.9418	1.2571	0.5488	0.8047	0.6913	0.8338	0.5611	0.7824	0.6357	0.7978	0.5706	0.8406	0.6767	0.8246	0.5524	0.7724	0.6572	0.8109
138.0000	0.3964	0.3188	0.4610	0.9034	0.9505	0.3029	0.4286	0.8877	0.9422	1.2338	0.5454	0.7988	0.6958	0.8367	0.5581	0.7734	0.6440	0.8026	0.5706	0.8406	0.6767	0.8246	0.5524	0.7724	0.6572	0.8109
139.0000	0.3925	0.3185	0.4605	0.9036	0.9506	0.3010	0.4245	0.8898	0.9433	1.2793	0.5617	0.8127	0.6851	0.8298	0.5680	0.7882	0.6302	0.7964	0.5706	0.8406	0.6767	0.8246	0.5524	0.7724	0.6572	0.8109
140.0000	0.3919	0.3173	0.4591	0.9042	0.9509	0.3019	0.4252	0.8895	0.9431	1.2439	0.5526	0.7966	0.6974	0.8367	0.5669	0.7817	0.6362	0.7987	0.5706	0.8406	0.6767	0.8246	0.5524	0.7724	0.6572	0.8109
141.0000	0.3962	0.3151	0.4616	0.9031	0.9503	0.3036	0.4277	0.8882	0.9424	1.2413	0.5521	0.7981	0.6963	0.8373	0.5603	0.7784	0.6394	0.8005	0.5706	0.8406	0.6767	0.8246	0.5524	0.7724	0.6572	0.8109
142.0000	0.3848	0.3117	0.4534	0.9065	0.9521	0.2995	0.4233	0.8905	0.9436	1.2144	0.5405	0.7879	0.7040	0.8410	0.5565	0.7722	0.6451	0.8037	0.5706	0.8406	0.6767	0.8246	0.5524	0.7724	0.6572	0.8109
143.0000	0.3953	0.3165	0.4598	0.9039	0.9507	0.3037	0.4289	0.8876	0.9421	1.2372	0.5478	0.7979	0.6964	0.8357	0.5574	0.7764	0.6412	0.8012	0.5706	0.8406	0.6767	0.8246	0.5524	0.7724	0.6572	0.8109
144.0000	0.3807	0.3107	0.4531	0.9066	0.9522	0.2974	0.4187	0.8928	0.9449	1.2365	0.5443	0.7992	0.6954	0.8370	0.5529	0.7746	0.6429	0.8023	0.5706	0.8406	0.6767	0.8246	0.5524	0.7724	0.6572	0.8109
145.0000	0.3821	0.3126	0.4541	0.9062	0.9520	0.2977	0.4194	0.8925	0.9447	1.2442	0.5419	0.8000	0.6948	0.8373	0.5611	0.7795	0.6383	0.8010	0.5706	0.8406	0.6767	0.8246	0.5524	0.7724	0.6572	0.8109
146.0000	0.3815	0.3091	0.4495	0.9081	0.9530	0.3012	0.4238	0.8902	0.9435	1.2379	0.5430	0.7940	0.6994	0.8389	0.5611	0.7809	0.6370	0.7998	0.5706	0.8406	0.6767	0.8246	0.5524	0.7724	0.6572	0.8109
147.0000	0.3794	0.3107	0.4520	0.9071	0.9524	0.2968	0.4185	0.8929	0.9449	1.2485	0.5446	0.8020	0.6933	0.8351	0.5633	0.7801	0.6378	0.8008	0.5706	0.8406	0.6767	0.8246	0.5524	0.7724	0.6572	0.8109
148.0000	0.3825	0.3091	0.4480	0.9088	0.9533	0.3010	0.4264	0.8889	0.9428	1.2619	0.5563	0.8057	0.6905	0.8338	0.5662	0.7842	0.6339	0.7977	0.5706	0.8406	0.6767	0.8246	0.5524	0.7724	0.6572	0.8109
149.0000	0.3751	0.3104	0.4496	0.9081	0.9529	0.2957	0.4161	0.8941	0.9456	1.2417	0.5457	0.7969	0.6972	0.8363	0.5637	0.7790	0.6388	0.7996	0.5706	0.8406	0.6767	0.8246	0.5524	0.7724	0.6572	0.8109
150.0000	0.3727	0.3053	0.4439	0.9104	0.9542	0.2945	0.4194	0.8925	0.9447	1.2439	0.5459	0.8022	0.6932	0.8346	0.5649	0.7762	0.6414	0.8035	0.5706	0.8406	0.6767	0.8246	0.5524	0.7724	0.6572	0.8109
151.0000	0.3760	0.3075	0.4467	0.9093	0.9536	0.2961	0.4197	0.8923	0.9446	1.2249	0.5402	0.7902	0.7023	0.8404	0.5553	0.7754	0.6421	0.8017	0.5706	0.8406	0.6767	0.8246	0.5524	0.7724	0.6572	0.8109
152.0000	0.3720	0.3049	0.4434	0.9106	0.9543	0.2945	0.4183	0.8930	0.9450	1.2235	0.5406	0.7890	0.7032	0.8421	0.5589	0.7765	0.6411	0.8011	0.5706	0.8406	0.6767	0.8246	0.5524	0.7724	0.6572	0.8109
153.0000	0.3683	0.3033	0.4414	0.9114	0.9547	0.2941	0.4165	0.8939	0.9455	1.2295	0.5456	0.7940	0.6994	0.8371	0.5549	0.7753	0.6422	0.8018	0.5706	0.8406	0.6767	0.8246	0.5524	0.7724	0.6572	0.8109
154.0000	0.3630	0.3017	0.4396	0.9121	0.9550	0.2908	0.4117	0.8964	0.9468	1.2197	0.5364	0.7887	0.7034	0.8416	0.5580	0.7748	0.6427	0.8030	0.5706	0.8406	0.6767	0.8246	0.5524	0.7724	0.6572	0.8109
155.0000	0.3676	0.3059	0.4443	0.9102	0.9541	0.2906	0.4127	0.8959	0.9465	1.2594	0.5524	0.8087	0.6882	0.8360	0.5652	0.7797	0.6381	0.8008	0.5706	0.8406	0.6767	0.8246	0.5524	0.7724	0.6572	0.8109
156.0000	0.3681	0.3049	0.4445	0.9102	0.9540	0.2921	0.4132	0.8956	0.9464	1.2500	0.5553	0.8003	0.6946	0.8349	0.5629	0.7819	0.6361	0.7999	0.5706	0.8406	0.6767	0.8246	0.5524	0.7724	0.6572	0.8109
157.0000	0.3629	0.3001	0.4394	0.9122	0.9551	0.2901	0.4122	0.8961	0.9466	1.2457	0.5497	0.7970	0.6971	0.8368	0.5608	0.7828	0.6353	0.7984	0.5706	0.8406	0.6767	0.8246	0.5524	0.7724	0.6572	0.8109
158.0000	0.3610	0.2997	0.4374	0.9130	0.9555	0.2894	0.4120	0.8962	0.9467	1.2695	0.5474	0.8097	0.6874	0.8380	0.5606	0.7843	0.6338	0.7964	0.5706	0.8406	0.6767	0.8246	0.5524	0.7724	0.6572	0.8109
159.0000	0.3617	0.3005	0.4392	0.9123	0.9551	0.2892	0.4111	0.8967	0.9469	1.2449	0.5446	0.7967	0.6973	0.8364	0.5584	0.7829	0.6352	0.7987	0.5706	0.8406	0.6767	0.8246	0.5524	0.7724	0.6572	0.8109
160.0000	0.3567	0.2990	0.4363	0.9135	0.9558	0.2884	0.4080	0.8982	0.9477	1.2475	0.5380	0.7970	0.6971	0.8380	0.5629	0.7834	0.6347	0.7971	0.5706	0.8406	0.6767	0.8246	0.5524	0.7724	0.6572	0.8109
161.0000	0.3507	0.2939	0.4266	0.9173	0.9577	0.2895	0.4104	0.8970	0.9471	1.2517	0.5519	0.7994	0.6953	0.8358	0.5588	0.7847	0.6335	0.7974	0.5706	0.8406	0.6767	0.8246	0.5524	0.7724	0.6572	0.8109
162.0000	0.3550	0.2991	0.4323	0.9150	0.9566	0.2882	0.4102	0.8971	0.9472	1.2882	0.5540	0.8185	0.6806	0.8311	0.5676	0.7878	0.6306	0.7947	0.5706	0.8406	0.6767	0.8246	0.5524	0.7724	0.6572	0.8109
Test MAE (Kcat): 0.5706
Test RMSE (Kcat): 0.8406
Test R2 (Kcat): 0.6767
Test PCC (Kcat): 0.8246
Test MAE (Km): 0.5524
Test RMSE (Km): 0.7724
Test R2 (Km): 0.6572
Test PCC (Km): 0.8109
