Epoch	Loss_train	MAE_train	RMSE_train	R2_train	PCC_train	Loss_val	MAE_val	RMSE_val	R2_val	PCC_val	MAE_test	RMSE_test	R2_test	PCC_test
1.0000	1.3098	0.9004	1.1447	0.2029	0.4574	2.2176	1.1781	1.4896	-0.2666	0.4173	0.5587	0.7836	0.6166	0.7869
2.0000	1.1117	0.8276	1.0543	0.3239	0.5700	1.3809	0.9230	1.1750	0.2118	0.5571	0.5587	0.7836	0.6166	0.7869
3.0000	1.0110	0.7839	1.0056	0.3850	0.6206	0.9982	0.7665	0.9990	0.4303	0.6590	0.5587	0.7836	0.6166	0.7869
4.0000	0.9144	0.7466	0.9562	0.4438	0.6664	0.9468	0.7455	0.9729	0.4597	0.6787	0.5587	0.7836	0.6166	0.7869
5.0000	0.8365	0.7110	0.9147	0.4911	0.7009	0.9466	0.7485	0.9726	0.4600	0.6786	0.5587	0.7836	0.6166	0.7869
6.0000	0.7887	0.6881	0.8880	0.5203	0.7214	0.8895	0.7285	0.9429	0.4925	0.7045	0.5587	0.7836	0.6166	0.7869
7.0000	0.7337	0.6611	0.8567	0.5536	0.7441	0.9099	0.7401	0.9538	0.4807	0.7306	0.5587	0.7836	0.6166	0.7869
8.0000	0.7053	0.6488	0.8397	0.5711	0.7557	0.7979	0.6805	0.8932	0.5446	0.7398	0.5587	0.7836	0.6166	0.7869
9.0000	0.6628	0.6263	0.8141	0.5969	0.7726	0.7872	0.6824	0.8872	0.5507	0.7517	0.5587	0.7836	0.6166	0.7869
10.0000	0.6379	0.6147	0.7987	0.6120	0.7823	0.7734	0.6653	0.8795	0.5585	0.7520	0.5587	0.7836	0.6166	0.7869
11.0000	0.6193	0.6035	0.7870	0.6233	0.7895	0.7620	0.6647	0.8729	0.5651	0.7593	0.5587	0.7836	0.6166	0.7869
12.0000	0.5906	0.5896	0.7685	0.6408	0.8005	0.7302	0.6500	0.8545	0.5832	0.7667	0.5587	0.7836	0.6166	0.7869
13.0000	0.5741	0.5793	0.7576	0.6508	0.8068	0.7454	0.6511	0.8632	0.5747	0.7581	0.5587	0.7836	0.6166	0.7869
14.0000	0.5598	0.5708	0.7483	0.6594	0.8120	0.7306	0.6387	0.8548	0.5829	0.7662	0.5587	0.7836	0.6166	0.7869
15.0000	0.5461	0.5636	0.7389	0.6679	0.8172	0.7120	0.6338	0.8437	0.5936	0.7709	0.5587	0.7836	0.6166	0.7869
16.0000	0.5283	0.5541	0.7269	0.6786	0.8238	0.6998	0.6299	0.8366	0.6005	0.7780	0.5587	0.7836	0.6166	0.7869
17.0000	0.5106	0.5424	0.7146	0.6894	0.8303	0.7048	0.6295	0.8394	0.5978	0.7750	0.5587	0.7836	0.6166	0.7869
18.0000	0.5043	0.5387	0.7102	0.6932	0.8326	0.7148	0.6269	0.8455	0.5920	0.7711	0.5587	0.7836	0.6166	0.7869
19.0000	0.4997	0.5370	0.7068	0.6961	0.8344	0.7550	0.6535	0.8687	0.5693	0.7723	0.5587	0.7836	0.6166	0.7869
20.0000	0.4792	0.5240	0.6922	0.7086	0.8418	0.6932	0.6222	0.8324	0.6045	0.7781	0.5587	0.7836	0.6166	0.7869
21.0000	0.4748	0.5198	0.6890	0.7112	0.8434	0.6888	0.6176	0.8300	0.6068	0.7804	0.5587	0.7836	0.6166	0.7869
22.0000	0.4562	0.5115	0.6754	0.7225	0.8500	0.6915	0.6188	0.8315	0.6053	0.7853	0.5587	0.7836	0.6166	0.7869
23.0000	0.4471	0.5058	0.6687	0.7280	0.8532	0.6900	0.6156	0.8305	0.6062	0.7796	0.5587	0.7836	0.6166	0.7869
24.0000	0.4433	0.5010	0.6657	0.7305	0.8547	0.6728	0.6028	0.8202	0.6159	0.7865	0.5587	0.7836	0.6166	0.7869
25.0000	0.4370	0.4974	0.6611	0.7341	0.8568	0.6748	0.6103	0.8215	0.6147	0.7860	0.5587	0.7836	0.6166	0.7869
26.0000	0.4295	0.4934	0.6555	0.7386	0.8594	0.6945	0.6149	0.8333	0.6036	0.7817	0.5587	0.7836	0.6166	0.7869
27.0000	0.4213	0.4885	0.6489	0.7439	0.8625	0.6757	0.6072	0.8219	0.6144	0.7891	0.5587	0.7836	0.6166	0.7869
28.0000	0.4130	0.4842	0.6416	0.7496	0.8658	0.6636	0.6006	0.8143	0.6215	0.7891	0.5587	0.7836	0.6166	0.7869
29.0000	0.4092	0.4819	0.6397	0.7511	0.8667	0.6564	0.5969	0.8100	0.6255	0.7916	0.5587	0.7836	0.6166	0.7869
30.0000	0.4025	0.4762	0.6345	0.7551	0.8690	0.6680	0.5998	0.8170	0.6190	0.7888	0.5587	0.7836	0.6166	0.7869
31.0000	0.3964	0.4715	0.6296	0.7589	0.8712	0.6658	0.5996	0.8158	0.6201	0.7878	0.5587	0.7836	0.6166	0.7869
32.0000	0.3908	0.4681	0.6252	0.7622	0.8731	0.6721	0.5969	0.8196	0.6165	0.7913	0.5587	0.7836	0.6166	0.7869
33.0000	0.3940	0.4693	0.6276	0.7604	0.8720	0.6585	0.6001	0.8113	0.6242	0.7913	0.5587	0.7836	0.6166	0.7869
34.0000	0.3852	0.4670	0.6203	0.7660	0.8752	0.6691	0.5921	0.8179	0.6181	0.7890	0.5587	0.7836	0.6166	0.7869
35.0000	0.3795	0.4604	0.6160	0.7692	0.8770	0.6682	0.5951	0.8173	0.6187	0.7878	0.5587	0.7836	0.6166	0.7869
36.0000	0.3802	0.4614	0.6166	0.7688	0.8768	0.6670	0.5919	0.8165	0.6195	0.7942	0.5587	0.7836	0.6166	0.7869
37.0000	0.3730	0.4567	0.6108	0.7731	0.8793	0.6635	0.5999	0.8144	0.6214	0.7910	0.5587	0.7836	0.6166	0.7869
38.0000	0.3685	0.4537	0.6071	0.7758	0.8808	0.6651	0.5941	0.8154	0.6205	0.7921	0.5587	0.7836	0.6166	0.7869
39.0000	0.3673	0.4514	0.6060	0.7766	0.8812	0.6770	0.6108	0.8226	0.6137	0.7890	0.5587	0.7836	0.6166	0.7869
40.0000	0.3626	0.4461	0.6022	0.7794	0.8829	0.6604	0.5944	0.8125	0.6231	0.7894	0.5587	0.7836	0.6166	0.7869
41.0000	0.3595	0.4488	0.5994	0.7815	0.8840	0.6465	0.5862	0.8040	0.6310	0.7945	0.5587	0.7836	0.6166	0.7869
42.0000	0.3545	0.4439	0.5954	0.7844	0.8857	0.6550	0.5912	0.8091	0.6263	0.7932	0.5587	0.7836	0.6166	0.7869
43.0000	0.3556	0.4434	0.5964	0.7836	0.8852	0.6687	0.5937	0.8175	0.6185	0.7923	0.5587	0.7836	0.6166	0.7869
44.0000	0.3490	0.4399	0.5906	0.7878	0.8876	0.6570	0.5904	0.8104	0.6251	0.7919	0.5587	0.7836	0.6166	0.7869
45.0000	0.3429	0.4364	0.5856	0.7914	0.8896	0.6438	0.5853	0.8022	0.6327	0.7957	0.5587	0.7836	0.6166	0.7869
46.0000	0.3401	0.4318	0.5833	0.7930	0.8905	0.6534	0.5876	0.8080	0.6273	0.7947	0.5587	0.7836	0.6166	0.7869
47.0000	0.3381	0.4298	0.5815	0.7943	0.8913	0.6487	0.5856	0.8053	0.6298	0.7941	0.5587	0.7836	0.6166	0.7869
48.0000	0.3368	0.4307	0.5802	0.7953	0.8918	0.6505	0.5852	0.8064	0.6288	0.7940	0.5587	0.7836	0.6166	0.7869
49.0000	0.3314	0.4263	0.5757	0.7984	0.8935	0.6550	0.5877	0.8093	0.6261	0.7921	0.5587	0.7836	0.6166	0.7869
50.0000	0.3374	0.4310	0.5808	0.7948	0.8915	0.6453	0.5828	0.8032	0.6317	0.7952	0.5587	0.7836	0.6166	0.7869
51.0000	0.3296	0.4248	0.5742	0.7994	0.8941	0.6540	0.5889	0.8084	0.6269	0.7921	0.5587	0.7836	0.6166	0.7869
52.0000	0.3238	0.4193	0.5691	0.8030	0.8961	0.6554	0.5857	0.8096	0.6259	0.7917	0.5587	0.7836	0.6166	0.7869
53.0000	0.3227	0.4193	0.5678	0.8039	0.8966	0.6460	0.5805	0.8036	0.6313	0.7971	0.5587	0.7836	0.6166	0.7869
54.0000	0.3228	0.4190	0.5682	0.8036	0.8965	0.6860	0.5996	0.8280	0.6086	0.7859	0.5587	0.7836	0.6166	0.7869
55.0000	0.3200	0.4176	0.5652	0.8057	0.8976	0.6497	0.5811	0.8059	0.6293	0.7992	0.5587	0.7836	0.6166	0.7869
56.0000	0.3177	0.4147	0.5637	0.8067	0.8982	0.6458	0.5784	0.8035	0.6314	0.7969	0.5587	0.7836	0.6166	0.7869
57.0000	0.3104	0.4106	0.5571	0.8112	0.9007	0.6508	0.5807	0.8069	0.6283	0.7940	0.5587	0.7836	0.6166	0.7869
58.0000	0.3099	0.4095	0.5567	0.8115	0.9008	0.6530	0.5828	0.8081	0.6272	0.7955	0.5587	0.7836	0.6166	0.7869
59.0000	0.3063	0.4085	0.5533	0.8138	0.9021	0.6360	0.5763	0.7975	0.6370	0.7995	0.5587	0.7836	0.6166	0.7869
60.0000	0.3131	0.4110	0.5595	0.8096	0.8998	0.6675	0.5881	0.8169	0.6191	0.7940	0.5587	0.7836	0.6166	0.7869
61.0000	0.3079	0.4075	0.5547	0.8129	0.9016	0.6528	0.5833	0.8080	0.6273	0.7967	0.5587	0.7836	0.6166	0.7869
62.0000	0.3107	0.4103	0.5571	0.8112	0.9007	0.6497	0.5850	0.8060	0.6291	0.7940	0.5587	0.7836	0.6166	0.7869
63.0000	0.3052	0.4064	0.5523	0.8144	0.9025	0.6433	0.5786	0.8021	0.6327	0.7964	0.5587	0.7836	0.6166	0.7869
64.0000	0.3015	0.4034	0.5490	0.8167	0.9037	0.6389	0.5738	0.7992	0.6354	0.7997	0.5587	0.7836	0.6166	0.7869
65.0000	0.3052	0.4081	0.5525	0.8143	0.9024	0.6451	0.5789	0.8030	0.6319	0.7985	0.5587	0.7836	0.6166	0.7869
66.0000	0.2953	0.3973	0.5434	0.8204	0.9058	0.6372	0.5703	0.7983	0.6362	0.7997	0.5587	0.7836	0.6166	0.7869
67.0000	0.2910	0.3957	0.5395	0.8229	0.9072	0.6435	0.5785	0.8020	0.6329	0.7983	0.5587	0.7836	0.6166	0.7869
68.0000	0.2956	0.4002	0.5436	0.8202	0.9057	0.6439	0.5754	0.8024	0.6324	0.7976	0.5587	0.7836	0.6166	0.7869
69.0000	0.2926	0.3962	0.5408	0.8221	0.9067	0.6365	0.5750	0.7977	0.6368	0.7983	0.5587	0.7836	0.6166	0.7869
70.0000	0.2900	0.3941	0.5386	0.8236	0.9075	0.6491	0.5801	0.8054	0.6297	0.7936	0.5587	0.7836	0.6166	0.7869
71.0000	0.2895	0.3959	0.5380	0.8240	0.9077	0.6579	0.5805	0.8109	0.6246	0.7941	0.5587	0.7836	0.6166	0.7869
72.0000	0.2874	0.3942	0.5362	0.8251	0.9083	0.6323	0.5690	0.7949	0.6393	0.8027	0.5587	0.7836	0.6166	0.7869
73.0000	0.2852	0.3906	0.5339	0.8266	0.9092	0.6266	0.5715	0.7914	0.6424	0.8045	0.5587	0.7836	0.6166	0.7869
74.0000	0.2802	0.3878	0.5291	0.8297	0.9109	0.6158	0.5641	0.7846	0.6486	0.8061	0.5587	0.7836	0.6166	0.7869
75.0000	0.2819	0.3866	0.5309	0.8286	0.9103	0.6344	0.5743	0.7963	0.6380	0.8009	0.5587	0.7836	0.6166	0.7869
76.0000	0.2801	0.3874	0.5292	0.8296	0.9108	0.6404	0.5830	0.8001	0.6345	0.7990	0.5587	0.7836	0.6166	0.7869
77.0000	0.2794	0.3863	0.5285	0.8301	0.9111	0.6213	0.5710	0.7881	0.6454	0.8068	0.5587	0.7836	0.6166	0.7869
78.0000	0.2809	0.3888	0.5299	0.8292	0.9106	0.6296	0.5700	0.7933	0.6407	0.8032	0.5587	0.7836	0.6166	0.7869
79.0000	0.2795	0.3862	0.5286	0.8300	0.9110	0.6329	0.5773	0.7956	0.6387	0.8004	0.5587	0.7836	0.6166	0.7869
80.0000	0.2731	0.3817	0.5221	0.8342	0.9134	0.6371	0.5783	0.7981	0.6364	0.8020	0.5587	0.7836	0.6166	0.7869
81.0000	0.2715	0.3806	0.5208	0.8350	0.9138	0.6146	0.5583	0.7838	0.6493	0.8076	0.5587	0.7836	0.6166	0.7869
82.0000	0.2704	0.3794	0.5200	0.8355	0.9141	0.6250	0.5707	0.7904	0.6434	0.8022	0.5587	0.7836	0.6166	0.7869
83.0000	0.2723	0.3802	0.5218	0.8344	0.9135	0.6249	0.5681	0.7905	0.6433	0.8041	0.5587	0.7836	0.6166	0.7869
84.0000	0.2684	0.3768	0.5179	0.8368	0.9148	0.6402	0.5795	0.8002	0.6345	0.7993	0.5587	0.7836	0.6166	0.7869
85.0000	0.2633	0.3725	0.5132	0.8398	0.9164	0.6333	0.5690	0.7958	0.6385	0.8019	0.5587	0.7836	0.6166	0.7869
86.0000	0.2600	0.3709	0.5099	0.8418	0.9175	0.6328	0.5669	0.7954	0.6388	0.8044	0.5587	0.7836	0.6166	0.7869
87.0000	0.2607	0.3727	0.5107	0.8413	0.9172	0.6243	0.5665	0.7900	0.6437	0.8046	0.5587	0.7836	0.6166	0.7869
88.0000	0.2664	0.3760	0.5161	0.8380	0.9154	0.6256	0.5658	0.7910	0.6429	0.8049	0.5587	0.7836	0.6166	0.7869
89.0000	0.2566	0.3689	0.5065	0.8440	0.9187	0.6483	0.5754	0.8052	0.6299	0.8013	0.5587	0.7836	0.6166	0.7869
90.0000	0.2609	0.3739	0.5107	0.8413	0.9172	0.6269	0.5685	0.7918	0.6421	0.8019	0.5587	0.7836	0.6166	0.7869
91.0000	0.2594	0.3712	0.5093	0.8422	0.9177	0.6246	0.5687	0.7903	0.6434	0.8040	0.5587	0.7836	0.6166	0.7869
92.0000	0.2631	0.3743	0.5124	0.8403	0.9167	0.6146	0.5678	0.7840	0.6491	0.8059	0.5587	0.7836	0.6166	0.7869
93.0000	0.2532	0.3671	0.5031	0.8460	0.9198	0.6293	0.5711	0.7933	0.6407	0.8020	0.5587	0.7836	0.6166	0.7869
94.0000	0.2542	0.3669	0.5041	0.8454	0.9195	0.6210	0.5659	0.7879	0.6456	0.8075	0.5587	0.7836	0.6166	0.7869
95.0000	0.2563	0.3708	0.5063	0.8441	0.9187	0.6167	0.5670	0.7854	0.6479	0.8053	0.5587	0.7836	0.6166	0.7869
96.0000	0.2505	0.3648	0.5005	0.8476	0.9207	0.6230	0.5671	0.7895	0.6442	0.8029	0.5587	0.7836	0.6166	0.7869
97.0000	0.2525	0.3651	0.5024	0.8464	0.9200	0.6296	0.5678	0.7936	0.6404	0.8022	0.5587	0.7836	0.6166	0.7869
98.0000	0.2536	0.3676	0.5036	0.8457	0.9196	0.6043	0.5575	0.7775	0.6549	0.8104	0.5587	0.7836	0.6166	0.7869
99.0000	0.2491	0.3638	0.4991	0.8485	0.9211	0.6214	0.5642	0.7883	0.6453	0.8076	0.5587	0.7836	0.6166	0.7869
100.0000	0.2428	0.3583	0.4928	0.8523	0.9232	0.6220	0.5647	0.7888	0.6448	0.8042	0.5587	0.7836	0.6166	0.7869
101.0000	0.2436	0.3598	0.4932	0.8520	0.9231	0.6127	0.5601	0.7829	0.6501	0.8077	0.5587	0.7836	0.6166	0.7869
102.0000	0.2455	0.3608	0.4953	0.8508	0.9224	0.6328	0.5709	0.7956	0.6386	0.8028	0.5587	0.7836	0.6166	0.7869
103.0000	0.2475	0.3610	0.4975	0.8495	0.9217	0.6207	0.5706	0.7881	0.6455	0.8042	0.5587	0.7836	0.6166	0.7869
104.0000	0.2472	0.3617	0.4971	0.8497	0.9218	0.6061	0.5662	0.7787	0.6539	0.8090	0.5587	0.7836	0.6166	0.7869
105.0000	0.2442	0.3592	0.4937	0.8517	0.9229	0.6125	0.5627	0.7828	0.6502	0.8082	0.5587	0.7836	0.6166	0.7869
106.0000	0.2395	0.3554	0.4896	0.8542	0.9242	0.6018	0.5558	0.7759	0.6563	0.8105	0.5587	0.7836	0.6166	0.7869
107.0000	0.2405	0.3566	0.4905	0.8537	0.9239	0.6188	0.5624	0.7867	0.6467	0.8081	0.5587	0.7836	0.6166	0.7869
108.0000	0.2408	0.3559	0.4905	0.8536	0.9239	0.6351	0.5706	0.7971	0.6373	0.8014	0.5587	0.7836	0.6166	0.7869
109.0000	0.2349	0.3507	0.4847	0.8571	0.9258	0.6291	0.5625	0.7933	0.6407	0.8055	0.5587	0.7836	0.6166	0.7869
110.0000	0.2364	0.3519	0.4862	0.8562	0.9253	0.6081	0.5633	0.7799	0.6528	0.8092	0.5587	0.7836	0.6166	0.7869
111.0000	0.2391	0.3552	0.4883	0.8550	0.9246	0.6135	0.5632	0.7833	0.6497	0.8081	0.5587	0.7836	0.6166	0.7869
112.0000	0.2372	0.3533	0.4871	0.8557	0.9250	0.6234	0.5629	0.7897	0.6440	0.8046	0.5587	0.7836	0.6166	0.7869
113.0000	0.2376	0.3543	0.4872	0.8556	0.9250	0.6398	0.5715	0.8000	0.6346	0.7984	0.5587	0.7836	0.6166	0.7869
114.0000	0.2368	0.3531	0.4865	0.8560	0.9252	0.6187	0.5618	0.7867	0.6467	0.8067	0.5587	0.7836	0.6166	0.7869
115.0000	0.2324	0.3487	0.4821	0.8586	0.9266	0.6181	0.5614	0.7863	0.6471	0.8068	0.5587	0.7836	0.6166	0.7869
116.0000	0.2322	0.3491	0.4817	0.8588	0.9267	0.6122	0.5606	0.7825	0.6505	0.8082	0.5587	0.7836	0.6166	0.7869
117.0000	0.2339	0.3517	0.4835	0.8578	0.9262	0.6165	0.5633	0.7852	0.6480	0.8061	0.5587	0.7836	0.6166	0.7869
118.0000	0.2331	0.3503	0.4827	0.8582	0.9264	0.6185	0.5664	0.7866	0.6468	0.8051	0.5587	0.7836	0.6166	0.7869
119.0000	0.2329	0.3491	0.4825	0.8584	0.9265	0.6098	0.5610	0.7810	0.6518	0.8081	0.5587	0.7836	0.6166	0.7869
120.0000	0.2346	0.3507	0.4842	0.8574	0.9260	0.6225	0.5648	0.7891	0.6446	0.8039	0.5587	0.7836	0.6166	0.7869
121.0000	0.2268	0.3437	0.4763	0.8620	0.9285	0.6155	0.5627	0.7847	0.6485	0.8087	0.5587	0.7836	0.6166	0.7869
122.0000	0.2271	0.3445	0.4767	0.8618	0.9283	0.6179	0.5609	0.7862	0.6472	0.8056	0.5587	0.7836	0.6166	0.7869
123.0000	0.2260	0.3422	0.4751	0.8627	0.9288	0.6160	0.5674	0.7849	0.6483	0.8096	0.5587	0.7836	0.6166	0.7869
124.0000	0.2228	0.3418	0.4721	0.8645	0.9298	0.6116	0.5582	0.7821	0.6508	0.8085	0.5587	0.7836	0.6166	0.7869
125.0000	0.2227	0.3417	0.4719	0.8645	0.9298	0.6097	0.5607	0.7810	0.6518	0.8092	0.5587	0.7836	0.6166	0.7869
126.0000	0.2256	0.3441	0.4750	0.8628	0.9288	0.6052	0.5604	0.7781	0.6544	0.8091	0.5587	0.7836	0.6166	0.7869
Test MAE: 0.5587
Test RMSE: 0.7836
Test R2: 0.6166
Test PCC: 0.7869
